d0	d7	d21
ENSMUSG00000020889	1.15453995743146	-0.56059319783268	-0.593946759598779
ENSMUSG00000047281	1.14831663000168	-0.469150277469518	-0.679166352532167
ENSMUSG00000022425	1.15403145678916	-0.611053171832811	-0.542978284956354
ENSMUSG00000032291	1.08016394260231	-0.89354256716211	-0.186621375440195
ENSMUSG00000002289	-1.09023626995303	0.215666079649517	0.874570190303511
ENSMUSG00000059824	1.15319130806907	-0.627706858730432	-0.525484449338634
ENSMUSG00000026077	-1.15171872475661	0.647678470446764	0.504040254309849
ENSMUSG00000025930	1.10028235589234	-0.853512325196529	-0.246770030695813
ENSMUSG00000073557	-1.15460993270751	0.589832035838456	0.56477789686905
ENSMUSG00000027996	1.13935095674648	-0.732185625812279	-0.407165330934202
ENSMUSG00000039959	-1.09601322813352	0.862754533547189	0.23325869458633
ENSMUSG00000020788	-1.12664638080145	0.782414380251535	0.344232000549914
ENSMUSG00000024049	-1.12689740112572	0.345327895727385	0.781569505398333
ENSMUSG00000024538	1.14838969440993	-0.678601898354765	-0.469787796055168
ENSMUSG00000037443	0.897071688620968	0.18110436176442	-1.07817605038538
ENSMUSG00000034161	1.13670852920258	-0.392512603642959	-0.744195925559618
ENSMUSG00000035385	1.13720443873493	-0.742022369266984	-0.395182069467953
ENSMUSG00000041828	-0.997104375303711	1.00287068677978	-0.00576631147607424
ENSMUSG00000030074	1.1347211298124	-0.752579268518865	-0.382141861293535
ENSMUSG00000037820	-0.865004325134141	-0.229936995487786	1.09494132062192
ENSMUSG00000006342	-0.824975895268283	-0.287198467247357	1.11217436251564
ENSMUSG00000023169	1.15350998605712	-0.622153605891483	-0.531356380165638
ENSMUSG00000035373	1.15336417910261	-0.62477889580936	-0.528585283293248
ENSMUSG00000068747	-1.10696813093793	0.268938519350507	0.838029611587415
ENSMUSG00000027993	-1.09096426284124	0.873121770204535	0.217842492636703
ENSMUSG00000066113	-1.14240634321999	0.425666886690903	0.716739456529085
ENSMUSG00000024900	-1.14979118634687	0.482780606068803	0.66701058027807
ENSMUSG00000018819	1.15466822030984	-0.584815804807727	-0.569852415502118
ENSMUSG00000026100	1.09257476765093	-0.22269770101809	-0.869877066632845
ENSMUSG00000052296	-1.04939390186845	0.107468801067774	0.941925100800677
ENSMUSG00000030659	1.12246709439548	-0.326604656181456	-0.795862438214023
ENSMUSG00000058914	1.14859185950549	-0.677021560479904	-0.471570299025585
ENSMUSG00000053469	-1.10865660083166	0.833900126740114	0.274756474091544
ENSMUSG00000034648	1.14478296665345	-0.703173628304908	-0.441609338348542
ENSMUSG00000020592	1.10705301973467	-0.837824256292206	-0.269228763442468
ENSMUSG00000001403	1.13239854143694	-0.761788527871357	-0.370610013565583
ENSMUSG00000039883	1.07694900359534	-0.899217669080501	-0.177731334514841
ENSMUSG00000050315	-1.14825589315074	0.468622956724461	0.679632936426282
ENSMUSG00000083405	-1.00556342108151	0.0112212822746614	0.994342138806845
ENSMUSG00000060572	1.14938532605847	-0.478854105125373	-0.670531220933101
ENSMUSG00000005611	-1.13290931836668	0.373096552892304	0.759812765474379
ENSMUSG00000020218	1.08227101640541	-0.88972851628892	-0.192542500116494
ENSMUSG00000035199	0.875874687403607	-1.08957577793833	0.213701090534715
ENSMUSG00000039748	1.15030225119916	-0.662349452215444	-0.487952798983717
ENSMUSG00000037318	1.09369656768911	-0.867583164031912	-0.226113403657193
ENSMUSG00000055937	1.14725501828966	-0.687004941894413	-0.460250076395252
ENSMUSG00000049516	-1.14554560509806	0.447098819639277	0.698446785458775
ENSMUSG00000054675	1.15082083298948	-0.493504630569348	-0.657316202420127
ENSMUSG00000025092	-1.0846998093434	0.885234349795411	0.199465459547986
ENSMUSG00000019932	1.15213608042498	-0.642677642652521	-0.50945843777246
ENSMUSG00000027107	0.982147643601423	-1.01694405733998	0.0347964137385585
ENSMUSG00000004098	-0.946112015388642	1.04633956820599	-0.100227552817344
ENSMUSG00000032013	1.15438166950805	-0.55369145544598	-0.600690214062065
ENSMUSG00000021994	1.13591361005542	-0.388303798183576	-0.747609811871848
ENSMUSG00000020649	1.13204048524822	-0.763157897117681	-0.368882588130542
ENSMUSG00000035557	1.15368831196522	-0.618706539169956	-0.534981772795268
ENSMUSG00000030732	-0.210767955555464	1.08858418713655	-0.877816231581089
ENSMUSG00000033792	-1.04572068985783	0.946948990264357	0.0987716995934688
ENSMUSG00000038244	-0.847032442806833	-0.256117526010969	1.1031499688178
ENSMUSG00000021823	-1.15363093398	0.533783489074474	0.619847444905527
ENSMUSG00000025324	-1.14356720513385	0.710313510914428	0.433253694219423
ENSMUSG00000017631	-1.14584731115034	0.696517565810092	0.449329745340245
ENSMUSG00000079523	1.11200255312216	-0.825422399317537	-0.28658015380462
ENSMUSG00000032911	-1.13034255334701	0.769485456479307	0.360857096867708
ENSMUSG00000040433	-1.08727478574814	0.880349666495401	0.206925119252745
ENSMUSG00000029708	-1.13736250387663	0.741322211972748	0.396040291903881
ENSMUSG00000003660	-1.1477899849033	0.683136069509516	0.464653915393784
ENSMUSG00000090035	-1.15429168508775	0.603754662565965	0.550537022521782
ENSMUSG00000022324	-1.00369518719854	0.00743179854831289	0.996263388650226
ENSMUSG00000025140	1.15443956805635	-0.555960367775498	-0.598479200280851
ENSMUSG00000038170	-1.151611350524	0.648904738239649	0.502706612284357
ENSMUSG00000016128	-1.14579027662159	0.69688498265121	0.448905293970382
ENSMUSG00000049641	0.954385919145473	-1.04009671511416	0.0857107959686832
ENSMUSG00000003038	1.14688974375109	-0.689560920546385	-0.457328823204696
ENSMUSG00000027239	1.13451934797454	-0.753403131577276	-0.381116216397266
ENSMUSG00000027326	1.12214354843537	-0.79685852645083	-0.325285021984542
ENSMUSG00000054196	1.153870122529	-0.539016658724631	-0.614853463804374
ENSMUSG00000079243	-1.09768888671637	0.238506996399987	0.859181890316383
ENSMUSG00000037709	-1.15462056162638	0.589079690406908	0.565540871219472
ENSMUSG00000022371	1.15451025646515	-0.595408661981854	-0.559101594483291
ENSMUSG00000045128	1.14888195665204	-0.47417788811068	-0.674704068541364
ENSMUSG00000034354	-1.03606371819825	0.959539479503252	0.0765242386949969
ENSMUSG00000041347	1.14697472132816	-0.688972171248131	-0.458002550080033
ENSMUSG00000049517	1.14781714979313	-0.682935374265288	-0.464881775527838
ENSMUSG00000042129	-1.09295863324442	0.869095295011938	0.223863338232485
ENSMUSG00000051339	-1.11550748294171	0.816079682146184	0.299427800795522
ENSMUSG00000004508	-1.04606750346935	0.946480423275553	0.0995870801938002
ENSMUSG00000058230	-1.04312624426484	0.950417093659386	0.092709150605447
ENSMUSG00000020357	-0.939261854275502	1.05130126059753	-0.112039406322028
ENSMUSG00000015880	1.13512300084697	-0.750924063972116	-0.384198936874855
ENSMUSG00000032518	1.15111959444899	-0.654253885037348	-0.496865709411642
ENSMUSG00000057454	1.15419516402038	-0.606680389753561	-0.547514774266815
ENSMUSG00000040648	-1.13469146139515	0.752700702515711	0.381990758879439
ENSMUSG00000019907	-0.941873200325443	-0.107558132640899	1.04943133296634
ENSMUSG00000029380	1.11552052910823	-0.816043949392251	-0.299476579715987
ENSMUSG00000032262	1.15147184026079	-0.501006736976711	-0.650465103284082
ENSMUSG00000054203	-1.15352970369528	0.621786147025682	0.531743556669599
ENSMUSG00000029313	-1.14385839142047	0.708644173977917	0.435214217442552
ENSMUSG00000033306	-1.15005743143235	0.485441170234586	0.664616261197766
ENSMUSG00000034731	-1.15466355456259	0.56932822659074	0.585335327971854
ENSMUSG00000032218	1.09487926401276	-0.865133742631923	-0.22974552138084
ENSMUSG00000040204	1.14362053183776	-0.710009612405511	-0.433610919432254
ENSMUSG00000022440	1.11463040979734	-0.818465137248395	-0.296165272548941
ENSMUSG00000042607	-1.10632707724167	0.266754218553511	0.839572858688161
ENSMUSG00000042436	1.14548169964149	-0.69885094790901	-0.44663075173248
ENSMUSG00000019820	-1.15102441911601	0.655243570696494	0.495780848419511
ENSMUSG00000018604	-1.13477069902678	0.382394551167353	0.752376147859427
ENSMUSG00000025241	-1.06563375722301	0.917938316082962	0.147695441140044
ENSMUSG00000059291	1.10418012529644	-0.844647216338322	-0.259532908958117
ENSMUSG00000032289	-1.15305775801277	0.523205760052879	0.629851997959887
ENSMUSG00000026278	0.922450512724139	-1.06273484787432	0.140284335150177
ENSMUSG00000039523	-1.11425498404417	0.819476253977506	0.294778730066665
ENSMUSG00000101939	0.716254050909525	0.42624221216026	-1.14249626306979
ENSMUSG00000022893	-1.15094585614076	0.656050388779331	0.494895467361434
ENSMUSG00000036777	1.090524791568	-0.873997485532089	-0.216527306035904
ENSMUSG00000043940	-1.06109720206203	0.924952639844127	0.136144562217907
ENSMUSG00000001131	1.14758632163793	-0.462958934191359	-0.684627387446574
ENSMUSG00000007817	-1.11270641064432	0.823585936819015	0.289120473825309
ENSMUSG00000030677	1.11980207942377	-0.803893820729377	-0.315908258694393
ENSMUSG00000037805	1.1213436324844	-0.799295669649661	-0.32204796283473
ENSMUSG00000040952	1.14593833846194	-0.695928484991558	-0.450009853470389
ENSMUSG00000024922	1.1492623831507	-0.477693164949714	-0.67156921820099
ENSMUSG00000022676	1.15378158870479	-0.537003024617899	-0.616778564086889
ENSMUSG00000068220	1.07069619323263	-0.90979067745865	-0.160905515773976
ENSMUSG00000022464	1.14639358078339	-0.692931156611156	-0.453462424172235
ENSMUSG00000004677	-1.13231307441274	0.762116548778822	0.37019652563392
ENSMUSG00000033453	-1.15171905286813	0.647674688102028	0.504044364766107
ENSMUSG00000046352	1.15444356379222	-0.598317836362098	-0.556125727430126
ENSMUSG00000023977	-1.06763928552585	0.914752401923105	0.152886883602746
ENSMUSG00000019966	-1.01525455016374	0.0312412459218325	0.984013304241908
ENSMUSG00000027208	1.15431842594852	-0.602883299679201	-0.551435126269317
ENSMUSG00000000567	1.12867535053178	-0.775451305395426	-0.35322404513636
ENSMUSG00000024978	-1.07933664720704	0.895019278993964	0.184317368213075
ENSMUSG00000025574	1.13168970345379	-0.764487272479627	-0.367202430974163
ENSMUSG00000032198	-1.10717304089239	0.837533510465156	0.269639530427231
ENSMUSG00000051351	0.790535042564572	0.333629426069033	-1.12416446863361
ENSMUSG00000005952	-1.01337172220349	0.0273025963972327	0.986069125806252
ENSMUSG00000021375	-1.15026825581101	0.48760010734709	0.66266814846392
ENSMUSG00000027875	-1.01414405947368	0.985228771795015	0.0289152876786601
ENSMUSG00000058325	-1.11623611770454	0.814072541424703	0.302163576279837
ENSMUSG00000054146	1.1371598765538	-0.394940768251514	-0.742219108302288
ENSMUSG00000029417	1.15451990177204	-0.594947441075449	-0.559572460696596
ENSMUSG00000056851	1.15166326727281	-0.648314660000467	-0.50334860727234
ENSMUSG00000045545	1.11374426444224	-0.292901897030636	-0.8208423674116
ENSMUSG00000041431	0.865574737432737	-1.09466747903748	0.229092741604744
ENSMUSG00000030084	-1.13470356434304	0.75265117720667	0.382052387136376
ENSMUSG00000022801	-1.13673699189489	0.744072105595373	0.392664886299521
ENSMUSG00000029174	-1.15368009005287	0.618872025252202	0.534808064800671
ENSMUSG00000023232	1.03694254215887	-0.958428795388114	-0.0785137467707614
ENSMUSG00000049685	1.13768404695199	-0.397797418231591	-0.739886628720395
ENSMUSG00000078937	-1.15150734025763	0.501435879529201	0.650071460728424
ENSMUSG00000060548	1.12489799089714	-0.336720435986825	-0.788177554910322
ENSMUSG00000006058	1.15147552165312	-0.650424387977997	-0.501051133675121
ENSMUSG00000035831	1.15420623452648	-0.606360187095268	-0.54784604743121
ENSMUSG00000026924	-0.987498064349308	1.01204979397207	-0.0245517296227594
ENSMUSG00000040152	-1.01022674879798	0.98944945297439	0.0207772958235871
ENSMUSG00000020741	-1.10900031844748	0.833047678082802	0.275952640364678
ENSMUSG00000024048	1.14245575639267	-0.716472959056036	-0.425982797336635
ENSMUSG00000008683	1.1098604945409	-0.830896299517959	-0.278964195022935
ENSMUSG00000048232	-1.14238668849666	0.716845293975171	0.425541394521486
ENSMUSG00000001025	1.14784427149438	-0.682734572068393	-0.465109699425987
ENSMUSG00000071856	-1.05083925697458	0.939910451064617	0.110928805909967
ENSMUSG00000006576	-1.10870692081963	0.274931337457821	0.833775583361802
ENSMUSG00000042046	-1.1471292317856	0.687892627277709	0.459236604507897
ENSMUSG00000027533	1.15198387096194	-0.644547539064179	-0.507436331897763
ENSMUSG00000063661	1.15466493815788	-0.569480052785397	-0.585184885372482
ENSMUSG00000029177	1.15469462163192	-0.574146048450857	-0.580548573181067
ENSMUSG00000037486	-1.14423351866497	0.706456779701249	0.437776738963727
ENSMUSG00000027306	1.05554704487376	-0.933193461566299	-0.122353583307463
ENSMUSG00000034525	-1.07411616715479	0.904081031896068	0.170035135258717
ENSMUSG00000074129	1.14095706229718	-0.72430550048638	-0.416651561810792
ENSMUSG00000041528	-1.08209726147302	0.890045962437549	0.192051299035467
ENSMUSG00000026459	1.15280598003441	-0.633663616085019	-0.519142363949388
ENSMUSG00000070738	-1.14220043874906	0.717843595003862	0.424356843745195
ENSMUSG00000059898	1.15467906299004	-0.583438393628713	-0.57124066936133
ENSMUSG00000034235	-0.917744981571395	1.06575642664196	-0.148011445070566
ENSMUSG00000084897	1.14296585028839	-0.713686296432984	-0.429279553855411
ENSMUSG00000030306	-1.09570442283715	0.863405476860918	0.232298945976236
ENSMUSG00000079020	-1.08844819990476	0.210367263729017	0.878080936175738
ENSMUSG00000070436	1.15224790036505	-0.641266732424629	-0.510981167940426
ENSMUSG00000024521	1.01231785222578	-0.987209260847976	-0.0251085913778063
ENSMUSG00000024660	1.15374006648562	-0.617648633504741	-0.536091432980876
ENSMUSG00000090958	-1.06071925807846	0.135193851603836	0.925525406474617
ENSMUSG00000073700	-1.13210127258443	0.369174961158059	0.762926311426378
ENSMUSG00000063632	1.13283092366841	-0.760117743146111	-0.372713180522296
ENSMUSG00000054717	1.14469462441891	-0.703708123031579	-0.440986501387322
ENSMUSG00000070990	1.14758055226292	-0.684669296017752	-0.462911256245171
ENSMUSG00000029683	1.02975431913545	-0.967320008628697	-0.0624343105067595
ENSMUSG00000033396	-1.10242522191534	0.848691975895284	0.253733246020053
ENSMUSG00000039787	1.10252260030684	-0.254052725479886	-0.848469874826959
ENSMUSG00000029304	1.11854759239313	-0.807544742268901	-0.311002850124227
ENSMUSG00000001506	1.12175220112867	-0.798055356502182	-0.323696844626495
ENSMUSG00000040797	1.13414373737528	-0.754924170321996	-0.379219567053283
ENSMUSG00000033209	-0.968446237019605	1.02881830257033	-0.0603720655507296
ENSMUSG00000017716	1.03997886886747	-0.954538584970068	-0.0854402838974064
ENSMUSG00000042988	1.12538852307137	-0.338807003960756	-0.786581519110617
ENSMUSG00000029577	-0.933994219656426	1.05499464233689	-0.121000422680459
ENSMUSG00000054641	-0.929861921635332	1.05782016211879	-0.127958240483458
ENSMUSG00000030672	1.14323226483246	-0.43102811200006	-0.712204152832398
ENSMUSG00000027716	-1.08869308490979	0.211089096698309	0.877603988211481
ENSMUSG00000031431	-1.12641453059525	0.783190739558548	0.343223791036705
ENSMUSG00000101645	-1.00272727417999	0.00547704701957201	0.997250227160419
ENSMUSG00000078684	-1.14624136842937	0.693943049594108	0.452298318835259
ENSMUSG00000005268	1.15325548036594	-0.6266412159114	-0.526614264454544
ENSMUSG00000041797	-0.94172744088737	1.04953640021161	-0.107808959324243
ENSMUSG00000048922	1.05039620842645	-0.940530325444016	-0.109865882982435
ENSMUSG00000024011	0.882565820445847	0.203548989915061	-1.08611481036091
ENSMUSG00000051910	-0.980939765338817	1.01802829894458	-0.0370885336057615
ENSMUSG00000062997	1.15075602857859	-0.657963860640403	-0.492792167938181
ENSMUSG00000037568	1.13929727684284	-0.732440794970401	-0.406856481872438
ENSMUSG00000027962	0.984606482809574	-1.01471357390886	0.0301070910992865
ENSMUSG00000041341	-1.1122786021091	0.824704439275551	0.287574162833554
ENSMUSG00000023505	1.11695702046638	-0.812063330013769	-0.304893690452614
ENSMUSG00000029414	1.14537662851432	-0.699512145376846	-0.445864483137477
ENSMUSG00000003226	-1.15183993385152	0.646266076190582	0.505573857660934
ENSMUSG00000024251	-1.11155400890907	0.826582772411252	0.28497123649782
ENSMUSG00000024163	-0.996566809034286	1.00339818983669	-0.00683138080240694
ENSMUSG00000051118	1.15364991042585	-0.619473673022762	-0.534176237403085
ENSMUSG00000014303	1.02289601619354	-0.975412236288495	-0.0474837799050428
ENSMUSG00000058427	1.14623779389932	-0.452271100620467	-0.693966693278848
ENSMUSG00000040506	-1.05189488648023	0.938425152756106	0.113469733724121
ENSMUSG00000025213	1.15297334829065	-0.631161564164226	-0.521811784126428
ENSMUSG00000037725	1.03997608430245	-0.954542190744015	-0.0854338935584347
ENSMUSG00000100622	-0.42408482801425	-0.718072656285843	1.14215748430009
ENSMUSG00000051397	1.15098171745094	-0.655683218525265	-0.495298498925677
ENSMUSG00000078886	1.13185600010675	-0.763858533995852	-0.367997466110905
ENSMUSG00000061048	1.14137703450321	-0.722160788085208	-0.419216246418005
ENSMUSG00000019731	-0.966798693553343	1.03018560721823	-0.0633869136648828
ENSMUSG00000024791	1.14391577447074	-0.708312299293656	-0.43560347517708
ENSMUSG00000079013	1.0640187275212	-0.143553303680278	-0.920465423840921
ENSMUSG00000039620	-1.13283347287803	0.760107835990133	0.3727256368879
ENSMUSG00000039470	-1.13106312741246	0.364230417768195	0.766832709644262
ENSMUSG00000026414	1.13954866480315	-0.731241451063587	-0.408307213739568
ENSMUSG00000020576	-1.14047195653182	0.726737694784817	0.413734261747
ENSMUSG00000052934	-1.01749094899776	0.981539432297338	0.0359515167004175
ENSMUSG00000031962	0.991312793323048	-1.00846650707818	0.0171537137551312
ENSMUSG00000022510	1.1402986464884	-0.72759533815896	-0.412703308329442
ENSMUSG00000071415	1.14841265247837	-0.678423813834616	-0.469988838643745
ENSMUSG00000061816	1.15054500335907	-0.490510207974686	-0.660034795384382
ENSMUSG00000060636	1.07122163322507	-0.908924571225145	-0.162297061999918
ENSMUSG00000028234	1.10894751223759	-0.833178907356709	-0.275768604880878
ENSMUSG00000002343	-1.12832667078086	0.3516564107893	0.776670259991563
ENSMUSG00000028640	1.15317538041629	-0.627967710656872	-0.525207669759416
ENSMUSG00000032548	-1.08061962824294	0.892724221165317	0.187895407077626
ENSMUSG00000058558	1.12921910076884	-0.773530987398682	-0.355688113370161
ENSMUSG00000067288	1.15146123692604	-0.650582237634292	-0.500878999291751
ENSMUSG00000002769	1.15417782679381	-0.547003067835646	-0.607174758958165
ENSMUSG00000047419	-1.10300592592374	0.847363479984385	0.255642445939359
ENSMUSG00000028893	0.420417727146645	0.721153955646791	-1.14157168279344
ENSMUSG00000043456	-0.903212899349913	-0.171414291421149	1.07462719077106
ENSMUSG00000056900	-1.14520670240823	0.444633797913334	0.700572904494902
ENSMUSG00000024378	1.05154962316886	-0.938912249382157	-0.112637373786707
ENSMUSG00000035799	1.13213023555702	-0.762815841546452	-0.369314394010567
ENSMUSG00000061477	1.11909920099169	-0.805949141393988	-0.313150059597705
ENSMUSG00000029720	-1.1138156198167	0.82065214404513	0.293163475771572
ENSMUSG00000041949	-1.12690180231344	0.781554651599111	0.345347150714333
ENSMUSG00000047036	-1.11862599486642	0.807318869756484	0.31130712510994
ENSMUSG00000037415	-1.13872950892145	0.735109525520433	0.403619983401017
ENSMUSG00000079588	1.14407848632935	-0.436712553857821	-0.70736593247153
ENSMUSG00000024112	-1.11566489394704	0.300016847541275	0.815648046405762
ENSMUSG00000047786	1.08940715137195	-0.876206281413604	-0.213200869958347
ENSMUSG00000060962	1.1332057884549	-0.374552169784066	-0.758653618670836
ENSMUSG00000025794	1.13421973748907	-0.754617709427716	-0.379602028061357
ENSMUSG00000045790	-1.13353767010997	0.757344969004758	0.376192701105212
ENSMUSG00000017724	1.14865116360386	-0.676552673434342	-0.472098490169518
ENSMUSG00000039452	1.15363467031792	-0.533860547798403	-0.619774122519523
ENSMUSG00000020897	1.07410583921228	-0.904098536154773	-0.170007303057502
ENSMUSG00000038550	1.147993334079	-0.681623237562917	-0.466370096516083
ENSMUSG00000019984	-1.14888904541122	0.674646673383967	0.474242372027254
ENSMUSG00000038718	-1.1501399183306	0.486280172608219	0.663859745722386
ENSMUSG00000079641	1.07213189554877	-0.907414704215357	-0.164717191333409
ENSMUSG00000003435	-1.06933501554525	0.91201611105165	0.157318904493599
ENSMUSG00000069515	-0.833101422344059	-0.275877274300991	1.10897869664505
ENSMUSG00000021277	-1.13773477850479	0.398076053595433	0.739658724909359
ENSMUSG00000031230	1.12359522171562	-0.792341171391102	-0.331254050324521
ENSMUSG00000022986	1.10856510037796	-0.834126370324438	-0.274438730053518
ENSMUSG00000033039	-1.13743756465385	0.740988454311684	0.396449110342168
ENSMUSG00000046330	1.13217665588616	-0.762638613874753	-0.369538042011411
ENSMUSG00000001504	1.15466159294439	-0.569117737702753	-0.585543855241632
ENSMUSG00000005220	1.14836672746169	-0.678779704222299	-0.469587023239385
ENSMUSG00000021469	1.14055137803528	-0.726342711627688	-0.414208666407594
ENSMUSG00000073403	1.14537314159613	-0.699534018082838	-0.445839123513289
ENSMUSG00000002831	-1.10240441484159	0.253665017134722	0.848739397706867
ENSMUSG00000025362	1.06658289469711	-0.916437237557259	-0.150145657139853
ENSMUSG00000048327	1.02731612768112	-0.97023903185686	-0.0570770958242575
ENSMUSG00000092329	-1.13903737524676	0.405368167236644	0.733669208010111
ENSMUSG00000024471	1.10726790714447	-0.269964539718838	-0.83730336742563
ENSMUSG00000039298	1.14346563070571	-0.432575481568074	-0.710890149137639
ENSMUSG00000029009	-1.05210486054091	0.938128299279596	0.113976561261319
ENSMUSG00000004347	1.12000483316279	-0.803296231276689	-0.316708601886101
ENSMUSG00000044285	-1.0587491493736	0.130265969134987	0.928483180238611
ENSMUSG00000020953	1.10278747437651	-0.847864376153914	-0.254923098222598
ENSMUSG00000028347	1.07957474533442	-0.894595457308888	-0.18497928802553
ENSMUSG00000034126	-1.14528518178565	0.700084300260897	0.445200881524755
ENSMUSG00000041841	1.12570140444761	-0.785555127457149	-0.340146276990455
ENSMUSG00000037601	1.15254626689835	-0.637329066772784	-0.515217200125557
ENSMUSG00000027864	0.907278780656497	-1.07221348502333	0.164934704366839
ENSMUSG00000032777	-1.15030931714707	0.66228304753764	0.488026269609431
ENSMUSG00000034892	1.14685969943387	-0.689768245618052	-0.457091453815814
ENSMUSG00000027985	1.11651761579363	-0.303226829084583	-0.813290786709045
ENSMUSG00000027878	-1.04893772068982	0.942556463109605	0.106381257580217
ENSMUSG00000017588	1.15469809722683	-0.575292790957308	-0.579405306269525
ENSMUSG00000027524	0.898060030495445	-1.07761265597199	0.179552625476543
ENSMUSG00000038766	-1.10231737999102	0.848937627006351	0.253379752984663
ENSMUSG00000035181	-1.15408458425508	0.544383766615991	0.609700817639085
ENSMUSG00000024451	-1.15258278080503	0.636828156452649	0.515754624352382
ENSMUSG00000031385	-1.14707219256026	0.688292528741448	0.458779663818814
ENSMUSG00000032115	-1.15152223083583	0.501616567957246	0.649905662878588
ENSMUSG00000098428	-1.1452797429816	0.44516150965241	0.700118233329191
ENSMUSG00000034055	-1.08003777808155	0.893768515807358	0.186269262274196
ENSMUSG00000039414	-1.14439821433437	0.705482809363775	0.438915404970595
ENSMUSG00000024066	-1.11657688918628	0.81312572189243	0.303451167293851
ENSMUSG00000019848	1.12129082333934	-0.799455309122106	-0.321835514217229
ENSMUSG00000041037	-1.13379333161089	0.756328740428538	0.37746459118235
ENSMUSG00000090733	1.15030708692159	-0.488003073964188	-0.662304012957399
ENSMUSG00000035948	-1.09939370339227	0.243918968738484	0.855474734653791
ENSMUSG00000005871	-1.14452294805272	0.439783490815813	0.704739457236905
ENSMUSG00000044447	-1.06599441587944	0.917369330999373	0.148625084880071
ENSMUSG00000025266	-1.1080074763684	0.835498985451	0.2725084909174
ENSMUSG00000057722	-1.1524767514298	0.514206101370356	0.638270650059446
ENSMUSG00000026822	-1.15413727604267	0.54583786735202	0.608299408690652
ENSMUSG00000092586	1.15173702913715	-0.504269898759743	-0.647467130377412
ENSMUSG00000067006	1.154700329975	-0.576749359927451	-0.577950970047548
ENSMUSG00000041219	1.1299198051853	-0.771020392224984	-0.358899412960309
ENSMUSG00000034394	1.13400729277255	-0.755472728609342	-0.378534564163209
ENSMUSG00000022479	1.15468336845857	-0.5827950275957	-0.571888340862873
ENSMUSG00000104063	-0.925864716884169	1.06049481921229	-0.134630102328127
ENSMUSG00000036568	-1.05726573525654	0.930679971571748	0.126585763684789
ENSMUSG00000020216	1.14586364253381	-0.696412121474518	-0.44945152105929
ENSMUSG00000031273	-1.07438034993638	0.170747617733171	0.903632732203206
ENSMUSG00000041975	-1.04882415239445	0.106110841420713	0.942713310973733
ENSMUSG00000035969	-1.09591935410044	0.862952656306984	0.232966697793459
ENSMUSG00000094777	1.13949763435722	-0.731485813474237	-0.408011820882978
ENSMUSG00000037138	-0.838683886450333	1.1066970217373	-0.268013135286968
ENSMUSG00000037999	-1.13073057913874	0.362667810427612	0.768062768711132
ENSMUSG00000089960	1.10076914468911	-0.248340755034377	-0.852428389654733
ENSMUSG00000053965	-0.943012791390439	-0.105594251034196	1.04860704242463
ENSMUSG00000009927	1.1524147348997	-0.513316914362463	-0.639097820537237
ENSMUSG00000032480	-1.15444781964268	0.598144564488583	0.55630325515409
ENSMUSG00000031907	1.13697645896133	-0.393950557828313	-0.743025901133014
ENSMUSG00000025105	1.15203269266941	-0.508078828970215	-0.643953863699197
ENSMUSG00000026413	1.02748042475015	-0.970043820257414	-0.0574366044927355
ENSMUSG00000034634	1.12830762423022	-0.351571054517109	-0.776736569713109
ENSMUSG00000030814	1.0071367541525	-0.992707078086888	-0.0144296760656095
ENSMUSG00000027356	1.15417011287471	-0.607392034348252	-0.546778078526454
ENSMUSG00000080859	-1.15469867393168	0.57555230738575	0.579146366545932
ENSMUSG00000042029	-1.10324801769234	0.846806763412617	0.256441254279726
ENSMUSG00000027678	-1.07147836947086	0.908499936179367	0.162978433291493
ENSMUSG00000026971	1.15340829375696	-0.529407414227158	-0.624000879529805
ENSMUSG00000056328	1.1300074997026	-0.359304240950782	-0.770703258751816
ENSMUSG00000051278	-1.15342096484371	0.623774889294254	0.529646075549459
ENSMUSG00000001604	0.914686762247539	0.152993489159221	-1.06768025140676
ENSMUSG00000021943	1.14103603787922	-0.723905013810969	-0.417131024068251
ENSMUSG00000027715	0.934104338835917	-1.05491849191478	0.12081415307886
ENSMUSG00000022483	1.14783192141851	-0.682826061845574	-0.465005859572934
ENSMUSG00000018893	1.15170411552553	-0.503857455804209	-0.647846659721316
ENSMUSG00000029587	-1.14317924717501	0.71250061187899	0.43067863529602
ENSMUSG00000060913	1.04028802295294	-0.954137815551473	-0.0861502074014719
ENSMUSG00000027668	-1.03713216979226	0.958188248562265	0.0789439212300006
ENSMUSG00000027015	1.12738292791892	-0.347460567976183	-0.779922359942732
ENSMUSG00000061397	0.880325582471274	0.206961734365859	-1.08728731683713
ENSMUSG00000082361	-1.06371833090675	0.142786570209608	0.920931760697142
ENSMUSG00000040537	-1.14370895948013	0.434205062728387	0.709503896751747
ENSMUSG00000002055	0.820025363594578	-1.11405018242931	0.294024818834733
ENSMUSG00000015750	-1.06075244653306	0.925475179707318	0.13527726682574
ENSMUSG00000021643	1.14787629317918	-0.465379352989492	-0.682496940189695
ENSMUSG00000102697	-1.14404807639853	0.707543406433523	0.436504669965011
ENSMUSG00000074476	1.1259053485622	-0.784882527070824	-0.341022821491381
ENSMUSG00000002032	-1.14315214340037	0.712651876781567	0.4305002666188
ENSMUSG00000002020	-1.15388405121834	0.539342859953954	0.614541191264384
ENSMUSG00000020747	-1.01607660243252	0.983108036615064	0.0329685658174575
ENSMUSG00000024678	1.15184419582067	-0.505628347009797	-0.646215848810878
ENSMUSG00000069441	1.15433581894402	-0.602299818017474	-0.55203600092654
ENSMUSG00000053646	-1.09078276685908	0.873483926231771	0.217298840627311
ENSMUSG00000026039	1.10970631120525	-0.831283847012643	-0.278422464192613
ENSMUSG00000028936	1.10669163962841	-0.838696851146551	-0.267994788481861
ENSMUSG00000043430	1.15410381509484	-0.609196704757113	-0.544907110337727
ENSMUSG00000040102	-1.01241019169001	0.987109663115527	0.0253005285744828
ENSMUSG00000026955	1.10724916379495	-0.837348861712467	-0.269900302082483
ENSMUSG00000041229	-1.12765658849893	0.778986291570549	0.348670296928377
ENSMUSG00000025747	0.933007282305521	-1.0556751428173	0.122667860511779
ENSMUSG00000034684	-1.12411001090613	0.790708701105403	0.33340130980072
ENSMUSG00000029061	1.1529065516583	-0.520731984050069	-0.632174567608231
ENSMUSG00000036208	-1.14109118544987	0.417466593948267	0.723624591501597
ENSMUSG00000030816	-1.10118428317865	0.851498905986946	0.249685377191701
ENSMUSG00000052909	1.13293028277887	-0.373199182741906	-0.759731100036962
ENSMUSG00000040310	1.11546078132842	-0.816207534699507	-0.299253246628914
ENSMUSG00000043557	1.15289194315221	-0.520498446509883	-0.63239349664233
ENSMUSG00000028348	1.15012848753811	-0.486163475409141	-0.663965012128964
ENSMUSG00000020701	1.11814306268101	-0.808705400304139	-0.309437662376868
ENSMUSG00000069272	1.13603457945971	-0.747095696311584	-0.388938883148125
ENSMUSG00000037110	-1.13782446590583	0.739254868806604	0.398569597099227
ENSMUSG00000042306	1.15173114160261	-0.504195960107111	-0.647535181495503
ENSMUSG00000003355	1.14682592453444	-0.690000800877379	-0.456825123657065
ENSMUSG00000049739	-1.06302550186059	0.922002938765452	0.141022563095133
ENSMUSG00000012519	-1.14995970523222	0.48445633491673	0.665503370315491
ENSMUSG00000039662	-1.12130915433416	0.799399912838398	0.321909241495762
ENSMUSG00000006649	1.14945178045073	-0.669964817739173	-0.479486962711559
ENSMUSG00000016763	1.14208299335459	-0.718468859190728	-0.423614134163859
ENSMUSG00000040564	1.09426613971152	-0.866407578093786	-0.227858561617736
ENSMUSG00000030303	1.14774581113915	-0.68346152158146	-0.464284289557689
ENSMUSG00000071019	1.12129766275612	-0.321863020193138	-0.799434642562985
ENSMUSG00000042045	0.957154148049794	-1.03794453165298	0.0807903836031837
ENSMUSG00000040697	-1.13324624121962	0.758494738029388	0.374751503190228
ENSMUSG00000026574	0.930109492734527	-1.0576526274332	0.127543134698676
ENSMUSG00000062248	1.10153452742321	-0.850711031226284	-0.250823496196922
ENSMUSG00000015944	-1.14243151123057	0.716603793674046	0.425827717556524
ENSMUSG00000024542	-1.08185655448177	0.890484848690521	0.191371705791249
ENSMUSG00000028150	-1.10156280220501	0.250915523419356	0.850647278785653
ENSMUSG00000068614	1.14520610648452	-0.700576606185559	-0.444629500298955
ENSMUSG00000039481	1.10174664810059	-0.850232209920312	-0.251514438180275
ENSMUSG00000050505	-1.12646433481649	0.343440045643528	0.783024289172959
ENSMUSG00000020330	0.702554228586202	-1.14488480510874	0.442330576522539
ENSMUSG00000079362	-1.12754815354973	0.348190285477961	0.779357868071768
ENSMUSG00000040612	-0.8362051062086	-0.27151383682781	1.10771894303641
ENSMUSG00000022376	-0.718576119371101	1.14206278494319	-0.423486665572091
ENSMUSG00000033083	-1.099121175064	0.243048790215084	0.856072384848916
ENSMUSG00000001150	-1.14641593724417	0.453634250253753	0.692781686990418
ENSMUSG00000041261	1.13391780755782	-0.378086448726675	-0.75583135883114
ENSMUSG00000025202	1.15431957651185	-0.602845123782801	-0.551474452729047
ENSMUSG00000038155	1.0112944747416	-0.988309245423882	-0.0229852293177134
ENSMUSG00000097808	1.0112944747416	-0.988309245423882	-0.0229852293177134
ENSMUSG00000028532	-1.15459676018222	0.590705133334795	0.563891626847428
ENSMUSG00000025991	1.14535746981647	-0.445725201079098	-0.699632268737375
ENSMUSG00000047501	1.15442955626585	-0.598878104629135	-0.555551451636711
ENSMUSG00000042453	-0.785518537503743	1.12571252130519	-0.340193983801445
ENSMUSG00000057278	1.15142318334498	-0.651000964373971	-0.500422218971012
ENSMUSG00000030739	-0.690851272724892	1.14670173686139	-0.455850464136501
ENSMUSG00000022523	1.11790829612837	-0.308532940724387	-0.809375355403984
ENSMUSG00000053522	1.13441426761973	-0.753830289033421	-0.380583978586308
ENSMUSG00000038024	-0.903350856892143	1.07454613895843	-0.171195282066288
ENSMUSG00000041476	1.15354177847802	-0.531982230190862	-0.621559548287154
ENSMUSG00000026669	1.08090511988258	-0.892209708210822	-0.188695411671764
ENSMUSG00000023391	1.1217345695155	-0.323625495299379	-0.79810907421612
ENSMUSG00000009214	1.14335570095632	-0.431844714855669	-0.711510986100645
ENSMUSG00000021604	1.12198439576273	-0.797346300339325	-0.324638095423405
ENSMUSG00000028976	1.15450599632728	-0.55889739048455	-0.595608605842728
ENSMUSG00000036529	-1.14909320798491	0.672977287837575	0.47611592014733
ENSMUSG00000067219	1.15299962055317	-0.522242034306896	-0.630757586246279
ENSMUSG00000027580	-1.12707078525354	0.780983280110114	0.346087505143431
ENSMUSG00000050271	-0.973675415040934	1.02439434603277	-0.0507189309918399
ENSMUSG00000026944	-0.874839244791531	1.09010041867327	-0.215261173881738
ENSMUSG00000061527	1.15105244277883	-0.49609886162171	-0.654953581157119
ENSMUSG00000069919	1.0436902380047	-0.0940215393339729	-0.949668698670731
ENSMUSG00000027650	-1.06957985204278	0.911617744896413	0.157962107146368
ENSMUSG00000020722	1.13243818702002	-0.761636120491052	-0.370802066528967
ENSMUSG00000019880	1.13420493419389	-0.754677453269631	-0.379527480924253
ENSMUSG00000069227	-1.13455402253566	0.381292126233804	0.753261896301854
ENSMUSG00000070564	1.08798381663654	-0.878982073924287	-0.20900174271225
ENSMUSG00000032172	-0.613215522070907	1.15394184073394	-0.540726318663032
ENSMUSG00000047757	1.15449523632646	-0.596103969205516	-0.558391267120946
ENSMUSG00000045328	0.987827197382873	-1.01174375529013	0.0239165579072569
ENSMUSG00000009394	-1.11767021799387	0.810052072709873	0.307618145283998
ENSMUSG00000021569	0.871967190499247	-1.09154054473581	0.219573354236564
ENSMUSG00000000861	1.15104204250487	-0.495980702610432	-0.655061339894433
ENSMUSG00000030433	1.0276173198571	-0.969881003912791	-0.0577363159443134
ENSMUSG00000039323	0.846309210819519	-1.10346375554779	0.257154544728273
ENSMUSG00000034832	-0.865504273645434	1.09470135256824	-0.229197078922808
ENSMUSG00000025429	1.11823492575435	-0.808442528037846	-0.309792397716506
ENSMUSG00000075307	1.12339631952298	-0.330428767143985	-0.792967552378993
ENSMUSG00000045763	1.15439823769609	-0.554318305857067	-0.600079931839016
ENSMUSG00000041845	1.14775563071292	-0.464366358763617	-0.683389271949305
ENSMUSG00000022015	1.00723755207697	-0.992601787261257	-0.0146357648157187
ENSMUSG00000031103	1.13214925520764	-0.369406002882959	-0.762743252324677
ENSMUSG00000034573	-1.09353310196644	0.867919187867526	0.225613914098915
ENSMUSG00000033419	1.02492913160085	-0.973051372381925	-0.0518777592189275
ENSMUSG00000032852	1.15434890664236	-0.601851391952027	-0.552497514690333
ENSMUSG00000021071	-1.1545257440014	0.594662004982047	0.559863739019358
ENSMUSG00000030068	-1.15460564689196	0.564482912217983	0.590122734673981
ENSMUSG00000036306	1.13057689277209	-0.768627860045458	-0.361949032726632
ENSMUSG00000063727	1.1036485411318	-0.257766583634844	-0.845881957496953
ENSMUSG00000028246	-1.10268695580809	0.848094397225307	0.254592558582785
ENSMUSG00000073940	1.05976196387866	-0.132793542025856	-0.926968421852802
ENSMUSG00000019942	0.675424498373769	-1.14879258444808	0.473368086074305
ENSMUSG00000032783	1.13122316273634	-0.766237145707796	-0.364986017028545
ENSMUSG00000052316	1.03867735259776	-0.956216254002734	-0.0824610985950212
ENSMUSG00000020583	1.12876964373361	-0.77512000767858	-0.35364963605503
ENSMUSG00000001228	1.15324991768716	-0.626734543913851	-0.526515373773312
ENSMUSG00000023868	1.13858223756736	-0.402789268277218	-0.735792969290143
ENSMUSG00000020407	0.910966834949998	-1.06997879517599	0.159011960225997
ENSMUSG00000021720	-1.15469323577407	0.580903082873915	0.573790152900157
ENSMUSG00000045573	-0.281797823274011	-0.828865229842005	1.11066305311602
ENSMUSG00000038970	-1.10705794738806	0.837812328542147	0.269245618845914
ENSMUSG00000060012	-0.720018822920455	1.14178922124057	-0.42177039832011
ENSMUSG00000019761	1.06372237361856	-0.142796881202275	-0.920925492416293
ENSMUSG00000032068	1.15437653767324	-0.600875965055561	-0.553500572617676
ENSMUSG00000004698	-1.15177164707202	0.504706088001589	0.647065559070433
ENSMUSG00000050359	1.11107534346384	-0.283262652936526	-0.827812690527314
ENSMUSG00000001655	1.15467542039651	-0.570741866878304	-0.58393355351821
ENSMUSG00000054293	-1.0729533963211	0.906041654551523	0.166911741769576
ENSMUSG00000005251	1.15046798052711	-0.489691197835427	-0.660776782691684
ENSMUSG00000047821	1.15281498137148	-0.633532039210024	-0.519282942161458
ENSMUSG00000036281	-0.973965184209912	1.02414538396624	-0.0501801997563339
ENSMUSG00000080268	-1.09378806578742	0.22639325230845	0.86739481347897
ENSMUSG00000020061	0.979306004872148	-1.0194829861252	0.0401769812530447
ENSMUSG00000021214	1.14556256761829	-0.447223318096697	-0.698339249521589
ENSMUSG00000003644	1.15346551045207	-0.530494382112823	-0.62297112833925
ENSMUSG00000034310	-0.928599014286722	-0.130072348683692	1.05867136297042
ENSMUSG00000027869	1.14704852956632	-0.458590574705786	-0.688457954860537
ENSMUSG00000036298	-1.10962587144911	0.831485701023387	0.278140170425722
ENSMUSG00000030867	1.07215906577347	-0.907369450955922	-0.164789614817545
ENSMUSG00000048251	1.15145814417354	-0.650616365149912	-0.500841779023625
ENSMUSG00000042340	1.11705027582318	-0.305248587551065	-0.811801688272108
ENSMUSG00000031312	1.15450489777691	-0.558845092835778	-0.59565980494113
ENSMUSG00000101439	-1.04978222640028	0.94138596052787	0.108396265872414
ENSMUSG00000068115	-1.15443686229381	0.555849101889408	0.598587760404405
ENSMUSG00000057948	1.15260178486448	-0.516036108806942	-0.636565676057541
ENSMUSG00000027636	1.15297792073857	-0.52188643554649	-0.631091485192078
ENSMUSG00000032254	0.975424832363071	-1.02288509607757	0.0474602637144975
ENSMUSG00000025064	1.14384302191902	-0.435110122890519	-0.708732899028506
ENSMUSG00000010080	1.15390599360029	-0.539862318052141	-0.614043675548153
ENSMUSG00000034906	-1.11559524483848	0.299756080666114	0.815839164172366
ENSMUSG00000019732	-1.15301241522756	0.630559678809814	0.522452736417739
ENSMUSG00000067038	1.15185953220752	-0.646034784091111	-0.50582474811641
ENSMUSG00000024084	1.14800336018058	-0.466455347002808	-0.681548013177779
ENSMUSG00000026407	-1.010272504212	0.989400746390798	0.0208717578212038
ENSMUSG00000095432	1.06919746055256	-0.912239555348158	-0.156957905204401
ENSMUSG00000004864	1.1545843459898	-0.563106229371427	-0.591478116618367
ENSMUSG00000029086	0.943051329986503	0.10552774826935	-1.04857907825585
ENSMUSG00000040387	1.13195650393859	-0.763477251696741	-0.36847925224185
ENSMUSG00000103034	-1.04694406837241	0.101653248124137	0.945290820248269
ENSMUSG00000096544	-1.14404024847964	0.707589045434847	0.436451203044792
ENSMUSG00000050558	1.1250735847224	-0.33746553315668	-0.787608051565724
ENSMUSG00000056222	1.14517647248007	-0.444415949225316	-0.700760523254751
ENSMUSG00000032850	-0.724502255241031	-0.41641591394025	1.14091816918128
ENSMUSG00000042644	-1.13254526200165	0.371321554732392	0.761223707269252
ENSMUSG00000030166	1.14649308283997	-0.692264221829565	-0.454228861010406
ENSMUSG00000003824	1.04518023141718	-0.947676827910993	-0.0975034035061901
ENSMUSG00000051977	-1.11548720775084	0.299352007634019	0.816135200116819
ENSMUSG00000041920	1.04028684931763	-0.0861475106773662	-0.954139338640267
ENSMUSG00000102752	-1.13455372718413	0.753263099909276	0.381290627274861
ENSMUSG00000073490	-1.07453455069779	0.903370572954257	0.171163977743536
ENSMUSG00000030785	1.15099027007772	-0.495394893841938	-0.655595376235786
ENSMUSG00000028678	1.08763625220732	-0.879653706653589	-0.207982545553733
ENSMUSG00000044927	1.10427159248771	-0.844433910364506	-0.259837682123206
ENSMUSG00000054752	1.12303748626489	-0.794091534604008	-0.328945951660881
ENSMUSG00000059326	1.14277204220387	-0.428019202528431	-0.714752839675445
ENSMUSG00000041782	1.14413033053379	-0.43706760949464	-0.70706272103915
ENSMUSG00000020140	1.08149633431869	-0.891139746883266	-0.190356587435427
ENSMUSG00000058665	1.1383883322824	-0.736687460611376	-0.401700871671027
ENSMUSG00000000889	-0.805425703948123	1.11927902237618	-0.313853318428055
ENSMUSG00000028407	1.13808554923455	-0.738072245324644	-0.400013303909908
ENSMUSG00000034855	1.07302080185425	-0.905928550306716	-0.167092251547543
ENSMUSG00000034607	0.70414193756605	0.440480669169067	-1.14462260673512
ENSMUSG00000049404	1.15381796344806	-0.537818312524924	-0.615999650923133
ENSMUSG00000026141	1.03227504045118	-0.96425154661412	-0.0680234938370547
ENSMUSG00000034845	1.13870513233674	-0.403482236716457	-0.735222895620275
ENSMUSG00000031111	-1.11397473167227	0.293747507728056	0.820227223944219
ENSMUSG00000022221	1.13925365465049	-0.406605869242789	-0.732647785407704
ENSMUSG00000054008	-0.999997079766183	1.00000292020823	-5.84044205123711e-06
ENSMUSG00000034324	1.15449071948212	-0.596307992619218	-0.5581827268629
ENSMUSG00000000308	1.13557062427828	-0.386513367378875	-0.74905725689941
ENSMUSG00000063903	1.07899680656553	-0.895622565010169	-0.183374241555357
ENSMUSG00000030515	-1.1545673275152	0.562094368981257	0.592472958533947
ENSMUSG00000038077	-1.12916654115743	0.773717657392354	0.355448883765083
ENSMUSG00000039512	-1.11402961128588	0.820080422711531	0.293949188574344
ENSMUSG00000046380	-1.12966752879653	0.771929046302636	0.357738482493897
ENSMUSG00000057691	0.92422936544574	-1.06157282140799	0.137343455962243
ENSMUSG00000040229	1.08733937229394	-0.20711387042754	-0.880225501866397
ENSMUSG00000073565	1.1272694733744	-0.780308802506463	-0.34696067086794
ENSMUSG00000031328	-1.15370142822527	0.618441108234718	0.535260319990551
ENSMUSG00000034303	-0.416655630642756	1.14095773339728	-0.724302102754526
ENSMUSG00000045777	1.13387051415341	-0.756020536382389	-0.377849977771023
ENSMUSG00000036553	-1.0735401026259	0.90505490850976	0.168485194116142
ENSMUSG00000073234	1.10666172497699	-0.838768894035134	-0.267892830941855
ENSMUSG00000022033	0.632080362932931	-1.15291281878706	0.52083245585413
ENSMUSG00000030510	1.12955386112251	-0.357217165391281	-0.772336695731232
ENSMUSG00000047502	-0.527726574794951	1.15331733156805	-0.6255907567731
ENSMUSG00000030110	1.11123609090122	-0.827400610581148	-0.283835480320072
ENSMUSG00000051378	0.664080396511512	-1.15011594060901	0.486035544097504
ENSMUSG00000051341	-1.14638718103813	0.453413277597496	0.692973903440634
ENSMUSG00000028871	1.1503235005272	-0.488173917199824	-0.662149583327381
ENSMUSG00000038745	1.13917239140683	-0.406139883440535	-0.733032507966295
ENSMUSG00000036655	1.15469414802039	-0.57402015417365	-0.58067399384674
ENSMUSG00000001510	1.13363971146693	-0.756940221393963	-0.376699490072967
ENSMUSG00000037188	1.14701235298178	-0.458302024741059	-0.688710328240722
ENSMUSG00000032890	-1.15367208094166	0.619032571629324	0.534639509312333
ENSMUSG00000052305	0.934685098463469	0.119831040972005	-1.05451613943548
ENSMUSG00000067928	-1.13449282144114	0.380981737274714	0.753511084166425
ENSMUSG00000002778	0.472514701400397	-1.1486977009261	0.676182999525702
ENSMUSG00000042367	1.12319754506231	-0.793591134634949	-0.329606410427361
ENSMUSG00000078651	-1.15219204513192	0.64197559717778	0.510216447954147
ENSMUSG00000063063	0.506547303784942	-1.15191561161345	0.645368307828502
ENSMUSG00000039929	-1.13871779290681	0.403553766592834	0.735164026313975
ENSMUSG00000026430	1.04084897820827	-0.0874405939970504	-0.953408384211219
ENSMUSG00000039697	0.680442263904898	-1.14814980709586	0.467707543190959
ENSMUSG00000047832	1.14765034662601	-0.684161075978014	-0.463489270647995
ENSMUSG00000049553	-1.15368860112836	0.534987894604491	0.618700706523872
ENSMUSG00000000247	1.15452457657833	-0.594719423147795	-0.559805153430534
ENSMUSG00000025577	1.13428530916278	-0.754352771997951	-0.379932537164827
ENSMUSG00000035403	-0.963224847668025	1.03310895113603	-0.0698841034680035
ENSMUSG00000029570	1.1398157783868	-0.409861041347605	-0.729954737039194
ENSMUSG00000052504	-1.15393908090287	0.61327998211469	0.540659098788178
ENSMUSG00000041911	1.15352619646735	-0.621851739238681	-0.53167445722867
ENSMUSG00000091387	-1.15285040929203	0.633010983304628	0.519839425987402
ENSMUSG00000032356	-1.02692783585503	0.970699540948702	0.0562282949063314
ENSMUSG00000048373	1.13757482600416	-0.740375980311217	-0.397198845692945
ENSMUSG00000024228	-0.876890812516785	1.08905809995007	-0.212167287433282
ENSMUSG00000000037	-0.99531008964328	1.00462483592434	-0.00931474628106091
ENSMUSG00000058064	-0.554166522307159	-0.600227743659134	1.15439426596629
ENSMUSG00000031409	1.14915535968501	-0.476692698969973	-0.672462660715036
ENSMUSG00000030107	-1.14893495275013	0.474660884599779	0.674274068150347
ENSMUSG00000031821	0.887399760930821	-1.08353677235657	0.196137011425751
ENSMUSG00000029153	1.11710489047787	-0.811648272452314	-0.30545661802555
ENSMUSG00000040728	1.14626036598944	-0.693817299213936	-0.452443066775508
ENSMUSG00000037827	-1.04161856855974	0.0892156464402179	0.952402922119524
ENSMUSG00000028018	1.11341304719669	-0.821722635842747	-0.291690411353941
ENSMUSG00000034825	-0.807766051231411	1.11847067234528	-0.310704621113868
ENSMUSG00000041220	1.09976921379552	-0.854648051704848	-0.245121162090679
ENSMUSG00000070733	-1.11743894951224	0.810706866473921	0.306732083038314
ENSMUSG00000045273	1.0941664107431	-0.866613953815524	-0.227552456927582
ENSMUSG00000036040	-0.904956858153022	1.07359823528249	-0.168641377129473
ENSMUSG00000010086	1.14849880413011	-0.47074639397452	-0.677752410155584
ENSMUSG00000022195	-1.142457585248	0.425994501108566	0.716463084139429
ENSMUSG00000026828	-1.11749156283998	0.810558122730126	0.306933440109854
ENSMUSG00000054659	-0.784000452644576	1.1261715058544	-0.342171053209829
ENSMUSG00000019359	-1.15454848905246	0.561046496068297	0.593501992984162
ENSMUSG00000024827	-1.02501251764906	0.0520586461723862	0.97295387147667
ENSMUSG00000031297	-0.850609167568544	-0.25097053259682	1.10157970016537
ENSMUSG00000029314	-0.856291068086299	-0.242730166095647	1.09902123418194
ENSMUSG00000046634	-1.05794355493847	0.128264183426996	0.929679371511471
ENSMUSG00000021032	-1.09009951942261	0.874841024477284	0.215258494945329
ENSMUSG00000032528	-0.689970237294215	-0.456860130597486	1.1468303678917
ENSMUSG00000025216	1.08996056693221	-0.875115819117166	-0.21484474781504
ENSMUSG00000067206	-1.15304329797451	0.522964532307555	0.630078765666958
ENSMUSG00000041012	1.09671622760663	-0.235452158158141	-0.861264069448484
ENSMUSG00000025330	1.15455431148946	-0.593191186215454	-0.561363125274006
ENSMUSG00000060735	-1.14991908869673	0.665869208786028	0.484049879910698
ENSMUSG00000020914	1.05006701947946	-0.940989566254291	-0.109077453225164
ENSMUSG00000050919	-1.14928192316828	0.671405086180812	0.477876836987471
ENSMUSG00000047040	-1.14127694783199	0.722675299259305	0.418601648572684
ENSMUSG00000026764	-1.04762523492443	0.944361099045668	0.103264135878763
ENSMUSG00000031891	1.12910701495156	-0.355178218603434	-0.773928796348128
ENSMUSG00000043008	1.07688707537931	-0.177561742414876	-0.899325332964434
ENSMUSG00000033981	-1.13549018532857	0.749394560780417	0.386095624548149
ENSMUSG00000021457	0.534292296865781	0.619363189438076	-1.15365548630385
ENSMUSG00000040543	-1.01417644287965	0.985193447337827	0.0289829955418241
ENSMUSG00000050777	1.15394594781398	-0.613119372659535	-0.540826575154442
ENSMUSG00000023013	1.14582901059603	-0.449193412280719	-0.696635598315311
ENSMUSG00000015619	1.13943399712901	-0.407644099411228	-0.731789897717787
ENSMUSG00000030507	-0.79836262395075	-0.323288646229708	1.12165127018046
ENSMUSG00000027469	1.00845395400967	-0.991326009011364	-0.0171279449983044
ENSMUSG00000045007	1.04943697107308	-0.941865381496127	-0.107571589576952
ENSMUSG00000027596	1.15151501779541	-0.649986026623177	-0.501528991172236
ENSMUSG00000049866	0.613412283173941	-1.15393340043698	0.540521117263039
ENSMUSG00000005089	1.06736841144199	-0.915185851447271	-0.152182559994716
ENSMUSG00000028031	1.04039243623306	-0.954002262301928	-0.0863901739311276
ENSMUSG00000071661	-1.05876869210773	0.130314624752721	0.928454067355006
ENSMUSG00000022148	-0.907480164171738	1.07209258165721	-0.164612417485472
ENSMUSG00000058922	-1.0419070780252	0.0898825117204085	0.95202456630479
ENSMUSG00000040054	-0.677252966610801	1.14856247732755	-0.471309510716751
ENSMUSG00000073877	1.01101403689273	-0.0224045832378506	-0.988609453654879
ENSMUSG00000020656	1.14172673865067	-0.720345945860433	-0.421380792790242
ENSMUSG00000067878	-1.02628195386312	0.054819023081246	0.971462930781876
ENSMUSG00000052369	1.0701774930001	-0.910641805477094	-0.159535687523007
ENSMUSG00000018698	-0.999988597158297	-2.28052933470211e-05	1.00001140245164
ENSMUSG00000010064	1.04785328712827	-0.103804498836142	-0.944048788292135
ENSMUSG00000091478	-1.11089163758794	0.282609187908585	0.828282449679355
ENSMUSG00000036061	-1.14033840244972	0.412939287010644	0.727399115439078
ENSMUSG00000037610	1.14969408546822	-0.48182751586183	-0.667866569606391
ENSMUSG00000038560	1.1044870411986	-0.843930479286654	-0.260556561911942
ENSMUSG00000067916	1.11770984834006	-0.307770234886257	-0.809939613453801
ENSMUSG00000019936	1.03411598438053	-0.961977196244789	-0.0721387881357437
ENSMUSG00000027380	0.984272360558619	0.030746158474133	-1.01501851903275
ENSMUSG00000074384	-1.11944048121089	0.314486154944929	0.804954326265959
ENSMUSG00000028020	1.12982291274098	-0.771370022150945	-0.358452890590028
ENSMUSG00000028873	0.977634028951271	-1.02095776566594	0.0433237367146682
ENSMUSG00000066438	1.11618731476942	-0.301979603180601	-0.814207711588825
ENSMUSG00000066687	-1.0878033333201	0.208472194172536	0.879331139147567
ENSMUSG00000032017	1.08407438657707	-0.197672498124138	-0.886401888452929
ENSMUSG00000041479	-1.08817034006586	0.878620643863011	0.209549696202845
ENSMUSG00000033623	-1.12679579650189	0.34488376886967	0.781912027632217
ENSMUSG00000024672	0.973370222522598	0.0512858985800596	-1.02465612110266
ENSMUSG00000025488	1.15470047418682	-0.577016793604731	-0.57768368058208
ENSMUSG00000068299	-1.1450708655786	0.701413416177905	0.443657449400692
ENSMUSG00000032503	1.15307176956274	-0.523440492532209	-0.629631277030528
ENSMUSG00000024526	1.15290552032291	-0.520715466481895	-0.632190053841016
ENSMUSG00000073791	0.354326349724448	0.774592901250881	-1.12891925097533
ENSMUSG00000024261	-1.13980753495098	0.409812894994468	0.729994639956508
ENSMUSG00000021367	1.14861390554255	-0.471766365705901	-0.676847539836653
ENSMUSG00000025270	0.890868226983844	0.190777605681023	-1.08164583266487
ENSMUSG00000046731	0.848861825843525	0.253488846687881	-1.10235067253141
ENSMUSG00000058740	-1.13662385419581	0.392060230496706	0.744563623699102
ENSMUSG00000037995	1.1486515711985	-0.472102128907577	-0.676549442290921
ENSMUSG00000027016	1.12195585339672	-0.324522228370681	-0.797433625026036
ENSMUSG00000038670	-0.726712686749371	1.14047699242999	-0.413764305680617
ENSMUSG00000074283	-0.891468345957076	1.08131512070858	-0.189846774751501
ENSMUSG00000024177	1.09125685036218	-0.872536462560438	-0.218720387801734
ENSMUSG00000038233	1.11859280068976	-0.311178263797408	-0.807414536892345
ENSMUSG00000039055	1.12573616455676	-0.340295474222558	-0.785440690334207
ENSMUSG00000015396	0.875377960386539	0.214449862272144	-1.08982782265868
ENSMUSG00000059060	1.13314010306099	-0.758911233096489	-0.374228869964499
ENSMUSG00000040829	-1.06492322464205	0.919054284540098	0.14586894010195
ENSMUSG00000046761	1.14735748423194	-0.686275822596363	-0.461081661635583
ENSMUSG00000051648	-1.15386369354558	0.614996693258936	0.538867000286644
ENSMUSG00000098934	0.98777083602842	0.0240253673714458	-1.01179620339987
ENSMUSG00000054648	-1.04447272122573	0.94862532735742	0.0958473938683094
ENSMUSG00000028909	-1.09426491538524	0.866410113061275	0.227854802323961
ENSMUSG00000047953	-1.10561103163237	0.264329892843281	0.841281138789088
ENSMUSG00000011008	-0.637412899136896	-0.515127225099602	1.1525401242365
ENSMUSG00000029547	-1.03221570434275	0.964324378842532	0.0678913255002124
ENSMUSG00000028545	1.09748707537056	-0.859615841929208	-0.237871233441352
ENSMUSG00000031461	1.14543994991323	-0.699114163339925	-0.446325786573308
ENSMUSG00000069917	0.912805277017493	0.156043191493191	-1.06884846851069
ENSMUSG00000022871	-1.13261076761414	0.371639935374688	0.760970832239452
ENSMUSG00000022286	1.14956663553461	-0.480589831531591	-0.668976804003012
ENSMUSG00000004815	-1.09548408431039	0.863868544946362	0.231615539364025
ENSMUSG00000005410	0.803306902769421	-1.12000121881512	0.316694316045694
ENSMUSG00000032338	-1.04500352361623	0.947914181375578	0.0970893422406525
ENSMUSG00000049382	1.14148347944647	-0.721611218455946	-0.419872260990528
ENSMUSG00000050677	-1.15442002781827	0.599250874351512	0.555169153466762
ENSMUSG00000001027	-0.836218339758604	1.10771352470062	-0.271495184942014
ENSMUSG00000040260	-0.862233624722604	-0.234025940961838	1.09625956568444
ENSMUSG00000030017	0.569326445249983	-1.15466353817336	0.585337092923379
ENSMUSG00000028644	0.881489433807301	-1.08667991765103	0.205190483843731
ENSMUSG00000036905	-0.160745677598061	1.0706357434613	-0.909890065863239
ENSMUSG00000027684	-1.09400451370484	0.866948491390471	0.227056022314367
ENSMUSG00000058503	1.09594708514694	-0.862894151486961	-0.233052933659978
ENSMUSG00000046410	-1.15373756083416	0.617700514893278	0.536037045940881
ENSMUSG00000021732	0.790418411879656	-1.12420101016072	0.333782598281064
ENSMUSG00000047746	-1.03538499967679	0.960392654382331	0.0749923452944515
ENSMUSG00000005628	1.13507016709614	-0.383927385380866	-0.751142781715273
ENSMUSG00000054662	1.14690884838243	-0.457479986807108	-0.689428861575325
ENSMUSG00000043795	0.958107862853818	0.0790876208277728	-1.03719548368159
ENSMUSG00000029419	-0.811347458826998	1.11721183506296	-0.305864376235968
ENSMUSG00000044393	1.0946129619642	-0.865688087902122	-0.228924874062073
ENSMUSG00000028468	-1.1488950263499	0.474296807629042	0.67459821872086
ENSMUSG00000036067	-0.367301531720877	-0.764408930886883	1.13171046260776
ENSMUSG00000040434	1.14855367476831	-0.67732217756099	-0.471231497207321
ENSMUSG00000050711	0.42426640976018	-1.14218616582474	0.717919756064554
ENSMUSG00000020491	1.11782720664897	-0.809606148200723	-0.308221058448246
ENSMUSG00000021416	0.987968456166782	-1.01161222888567	0.0236437727188921
ENSMUSG00000071341	1.1376055767414	-0.39736719164371	-0.740238385097697
ENSMUSG00000079598	1.11262058408418	-0.823810903077146	-0.288809681007037
ENSMUSG00000079465	1.05021906431272	-0.109441470218002	-0.940777594094715
ENSMUSG00000037600	1.13450793583288	-0.753449584538233	-0.381058351294643
ENSMUSG00000075296	1.15162835524856	-0.502916313865259	-0.648712041383297
ENSMUSG00000026579	1.12955585142889	-0.357226284244004	-0.77232956718488
ENSMUSG00000056643	0.728900343277162	-1.14003267348982	0.411132330212656
ENSMUSG00000001985	-1.13543033873503	0.749644989380716	0.385785349354317
ENSMUSG00000028860	1.15366337031183	-0.534456916713451	-0.619206453598386
ENSMUSG00000040329	-1.12127698153549	0.799497126803786	0.321779854731701
ENSMUSG00000020137	1.04441248888833	-0.0957066374214048	-0.948705851466922
ENSMUSG00000026343	0.936380569188301	-1.05333434568932	0.116953776501035
ENSMUSG00000003283	-0.860800658430881	1.09693365158854	-0.236132993157657
ENSMUSG00000027068	1.09331469764095	-0.224947496715036	-0.868367200925917
ENSMUSG00000040703	1.15459017001528	-0.563469222355802	-0.591120947659478
ENSMUSG00000051920	1.04868353651411	-0.942907330843363	-0.105776205670746
ENSMUSG00000043719	-0.644060653097775	-0.507963291708776	1.15202394480655
ENSMUSG00000047875	1.09941846659602	-0.855420332999579	-0.243998133596438
ENSMUSG00000028337	-1.0070035760099	0.0141574834223217	0.992846092587578
ENSMUSG00000016756	0.876485616859869	0.212779251548319	-1.08926486840819
ENSMUSG00000010122	-1.15393027413279	0.540445391313412	0.613484882819383
ENSMUSG00000049134	1.03400261829112	-0.962118079246763	-0.0718845390443942
ENSMUSG00000104346	-1.08985582181329	0.875322698614862	0.21453312319843
ENSMUSG00000049699	-0.784294638641706	-0.341788263580268	1.12608290222197
ENSMUSG00000009216	-0.727747848858629	1.14026770426093	-0.412519855402305
ENSMUSG00000028825	1.13387966787469	-0.377895727747058	-0.755983940127632
ENSMUSG00000027849	1.12045763961146	-0.80195388755261	-0.31850375205885
ENSMUSG00000029337	1.09286221707269	-0.869291962266288	-0.223570254806397
ENSMUSG00000035164	-1.02589127331972	0.971923110502348	0.053968162817371
ENSMUSG00000029026	1.15264548697747	-0.5166881393326	-0.635957347644866
ENSMUSG00000062345	1.0600697955343	-0.133564190845578	-0.926505604688728
ENSMUSG00000047343	1.02152476611799	-0.976986968592289	-0.0445377975257035
ENSMUSG00000040323	-1.04434857955391	0.095557326579536	0.94879125297438
ENSMUSG00000030811	-1.15468139159928	0.583099421419479	0.571581970179799
ENSMUSG00000054065	1.0887204659087	-0.211169881452892	-0.877550584455804
ENSMUSG00000059775	1.15341545122505	-0.623873366247286	-0.529542084977765
ENSMUSG00000000296	0.788670097517156	-1.1247456236832	0.336075526166039
ENSMUSG00000079355	1.01972031779885	-0.0406823087176898	-0.979038009081161
ENSMUSG00000033902	-1.08046414792973	0.893003839811936	0.187460308117793
ENSMUSG00000034171	-1.10099679709386	0.249077530669801	0.851919266424054
ENSMUSG00000028236	1.15291044949093	-0.632115997206552	-0.520794452284378
ENSMUSG00000038763	1.06215305067658	-0.138809814153372	-0.923343236523206
ENSMUSG00000026090	0.99459890061333	0.0107160712810749	-1.00531497189441
ENSMUSG00000071036	-1.11302134479484	0.290263391616339	0.822757953178499
ENSMUSG00000076498	1.14452381065726	-0.439789511491476	-0.70473429916578
ENSMUSG00000071537	1.15436219976849	-0.601387169562021	-0.552975030206468
ENSMUSG00000034226	1.14091429923467	-0.416392483481998	-0.724521815752673
ENSMUSG00000017453	-1.15030373307639	0.662335530448911	0.487968202627475
ENSMUSG00000052572	-0.634617052031123	1.15274008991143	-0.518123037880307
ENSMUSG00000025328	1.08189827247082	-0.8904088564014	-0.191489416069419
ENSMUSG00000090451	1.15326176377047	-0.526726191035956	-0.626535572734518
ENSMUSG00000071047	-1.11908233982723	0.313084201022284	0.805998138804948
ENSMUSG00000025481	1.15442640390284	-0.599002155092195	-0.555424248810642
ENSMUSG00000018927	-0.686794077087373	1.14728473079819	-0.46049065371082
ENSMUSG00000029735	1.09530700940882	-0.864239853675637	-0.231067155733183
ENSMUSG00000027220	1.06546675931443	-0.918201197505872	-0.147265561808557
ENSMUSG00000081683	1.12473010977713	-0.788720163336646	-0.336009946440483
ENSMUSG00000055415	1.1545032352138	-0.558766220379533	-0.595737014834264
ENSMUSG00000026959	1.06620341214408	-0.917038827159905	-0.149164584984175
ENSMUSG00000035864	-1.15446353269208	0.556971861037875	0.597491671654203
ENSMUSG00000025927	1.09667755947204	-0.861346364169429	-0.235331195302612
ENSMUSG00000038020	0.847492491518527	-1.10294971867058	0.25545722715205
ENSMUSG00000003309	1.14134534672729	-0.7223239167742	-0.419021429953093
ENSMUSG00000049882	0.998884290234176	-1.00111198778508	0.00222769755089954
ENSMUSG00000006345	1.12102365075212	-0.320763038432722	-0.800260612319391
ENSMUSG00000024234	0.997679401452574	0.00462515300028953	-1.00230455445287
ENSMUSG00000025001	0.74766398922381	-1.1359008362617	0.388236847037883
ENSMUSG00000039473	-1.09608281286356	0.862607537012982	0.233475275850577
ENSMUSG00000035020	1.1445016657186	-0.704866642156368	-0.439635023562231
ENSMUSG00000103897	-1.1072068528038	0.837451517514426	0.269755335289376
ENSMUSG00000021287	1.14255313792099	-0.71594600343153	-0.426607134489461
ENSMUSG00000038637	-1.1471894806337	0.687468449497371	0.459721031136334
ENSMUSG00000102422	1.11002075353604	-0.830492581346575	-0.279528172189467
ENSMUSG00000038193	1.0801450465625	-0.893576425367026	-0.186568621195472
ENSMUSG00000041954	1.0272635348634	-0.970301475705595	-0.0569620591578032
ENSMUSG00000030707	1.15344061901443	-0.5300185557317	-0.623422063282728
ENSMUSG00000055301	-0.986692416118059	1.01279645301164	-0.0261040368935843
ENSMUSG00000032278	1.13222921440048	-0.369791520061846	-0.762437694338638
ENSMUSG00000046593	1.03598049905414	-0.959644304398806	-0.0763361946553363
ENSMUSG00000030393	-1.14266889908105	0.715316532817155	0.427352366263893
ENSMUSG00000064294	1.15454148652582	-0.593867939353296	-0.560673547172521
ENSMUSG00000070713	-0.523425705884206	-0.629645182762245	1.15307088864645
ENSMUSG00000025885	-1.1230931772912	0.793917598759756	0.329175578531441
ENSMUSG00000038473	-1.1517061267527	0.64782353093231	0.503882595820389
ENSMUSG00000001151	-0.829512293446807	-0.280896076923918	1.11040837037073
ENSMUSG00000019464	-0.934422043734839	1.05469853929805	-0.12027649556321
ENSMUSG00000004892	-1.08577762229949	0.202572463929634	0.883205158369862
ENSMUSG00000098754	-1.12568712151532	0.785602125892468	0.34008499562285
ENSMUSG00000028786	1.15449427402963	-0.596147624431663	-0.558346649597971
ENSMUSG00000036923	-1.15316546799806	0.628129339732237	0.525036128265821
ENSMUSG00000013483	-1.08648985111213	0.881852150187734	0.204637700924395
ENSMUSG00000031870	-1.01193227225882	0.987624528842362	0.0243077434164584
ENSMUSG00000028373	-0.978649515496885	-0.0414142029123393	1.02006371840922
ENSMUSG00000025150	1.15177177536933	-0.504707709168037	-0.647064066201288
ENSMUSG00000006411	1.13048380905548	-0.361514714154041	-0.768969094901437
ENSMUSG00000031554	1.0135517990338	-0.985873554496034	-0.0276782445377748
ENSMUSG00000028238	1.14849982535278	-0.470755403771388	-0.677744421581382
ENSMUSG00000039179	-0.361307231085522	-0.769132051633777	1.1304392827193
ENSMUSG00000039813	1.15431221521772	-0.551223842968567	-0.603088372249152
ENSMUSG00000043463	-1.01219731534905	0.0248581293520179	0.987339185997035
ENSMUSG00000036151	1.12647820063093	-0.782977917158265	-0.343500283472668
ENSMUSG00000068252	1.07734010061231	-0.898536318118932	-0.178803782493377
ENSMUSG00000025359	-0.761308286659868	1.13252332709614	-0.371215040436274
ENSMUSG00000021364	-1.12981781512193	0.771388394374637	0.358429420747289
ENSMUSG00000036826	-1.09164893644866	0.871749228963493	0.219899707485167
ENSMUSG00000010342	0.897770166832037	-1.07777819489028	0.180008028058252
ENSMUSG00000040055	1.15468938703434	-0.572949855328849	-0.581739531705487
ENSMUSG00000035498	1.15263927706455	-0.516595081387958	-0.636044195676594
ENSMUSG00000058447	1.13146933481582	-0.765316375684443	-0.366152959131381
ENSMUSG00000044641	1.15464681134614	-0.586969948377538	-0.567676862968598
ENSMUSG00000032845	1.14557062889509	-0.447282523005801	-0.698288105889297
ENSMUSG00000040429	1.14787801305326	-0.682484160088083	-0.465393852965174
ENSMUSG00000081406	-0.976225783165928	-0.0459633344480707	1.022189117614
ENSMUSG00000033276	-0.968282955889657	-0.0606714147074938	1.02895437059715
ENSMUSG00000102440	-0.885280301000869	-0.199394966525776	1.08467526752664
ENSMUSG00000019808	1.15153608161851	-0.501785005267163	-0.649751076351341
ENSMUSG00000037279	1.15338341051026	-0.62444137823618	-0.528942032274076
ENSMUSG00000022997	-0.974978992155466	-0.0482921512765201	1.02327114343198
ENSMUSG00000004552	1.15439192175051	-0.554077391545231	-0.600314530205283
ENSMUSG00000099032	-1.1255102643068	0.339327327918928	0.786182936387865
ENSMUSG00000031380	1.15159844765349	-0.649050582323051	-0.502547865330439
ENSMUSG00000068101	1.07383353595776	-0.904559465158268	-0.169274070799497
ENSMUSG00000022546	0.691298383455135	0.455337642605069	-1.14663602606022
ENSMUSG00000026018	1.12636041680246	-0.342989021939456	-0.783371394863002
ENSMUSG00000031574	-1.08621172762926	0.882381654389928	0.203830073239334
ENSMUSG00000067786	1.07133762527216	-0.162604783939724	-0.908732841332435
ENSMUSG00000074004	-1.11448166683373	0.295615221676289	0.818866445157443
ENSMUSG00000030921	-1.0578839220986	0.929767615822004	0.128116306276593
ENSMUSG00000020930	-0.941648431179182	-0.107944886940372	1.04959331811955
ENSMUSG00000024989	1.15306524021816	-0.52333098620119	-0.629734254016975
ENSMUSG00000024873	1.15421431609972	-0.548090190895594	-0.606124125204134
ENSMUSG00000070691	1.15470047418553	-0.577016790269298	-0.577683683916231
ENSMUSG00000006777	0.917953197868541	-1.06562430962985	0.147671111761311
ENSMUSG00000020399	-0.954329456840763	1.04014027482938	-0.0858108179886175
ENSMUSG00000043670	-0.970743164930264	-0.0561478362133528	1.02689100114361
ENSMUSG00000028555	-1.15462731363382	0.588575315578259	0.566051998055565
ENSMUSG00000021118	1.13634829090701	-0.390594807368958	-0.745753483538048
ENSMUSG00000066704	1.14353238801274	-0.433020894358398	-0.710511493654345
ENSMUSG00000001865	1.04386670356433	-0.0944327916745632	-0.949433911889762
ENSMUSG00000051067	-1.05492967350626	0.934088173475195	0.12084150003106
ENSMUSG00000074505	-0.612113691358267	1.15398822358587	-0.541874532227603
ENSMUSG00000061894	-1.13096344374256	0.363760957723211	0.767202486019347
ENSMUSG00000058260	1.15426551262619	-0.604579883145544	-0.549685629480641
ENSMUSG00000015112	1.10112909265635	-0.851622748308047	-0.249506344348303
ENSMUSG00000038663	-0.925257859479262	1.06089594379263	-0.135638084313368
ENSMUSG00000001247	1.14430227574056	-0.706051198741191	-0.43825107699937
ENSMUSG00000026725	0.550558594243497	-1.15429233782619	0.603733743582693
ENSMUSG00000044139	-1.14159914662676	0.721011228373156	0.420587918253598
ENSMUSG00000090559	-0.636598741753163	1.15259939574696	-0.516000653993797
ENSMUSG00000020090	1.11969058020767	-0.804221543953626	-0.315469036254041
ENSMUSG00000038522	-0.906852868632323	1.07246876404006	-0.16561589540774
ENSMUSG00000033182	-0.681030793299604	-0.467041284910869	1.14807207821047
ENSMUSG00000048899	-0.921069020373993	1.06362977196615	-0.14256075159216
ENSMUSG00000072692	1.09076060179451	-0.217232495511237	-0.873528106283275
ENSMUSG00000046591	-1.14917020571835	0.672339277792707	0.476830927925643
ENSMUSG00000046908	-1.15191634528854	0.506556803112987	0.645359542175554
ENSMUSG00000027983	-1.08267300454967	0.888992041443345	0.19368096310632
ENSMUSG00000042190	-1.15236239682252	0.639786856902393	0.512575539920127
ENSMUSG00000061322	-1.0791460105971	0.183788076079675	0.895357934517421
ENSMUSG00000030518	-0.211020229594001	-0.877649509590907	1.08866973918491
ENSMUSG00000033458	1.02278836078049	-0.975536374969626	-0.0472519858108677
ENSMUSG00000094005	1.05667436133977	-0.931548627141078	-0.125125734198689
ENSMUSG00000095680	1.05667436133977	-0.931548627141078	-0.125125734198689
ENSMUSG00000096363	1.05667436133977	-0.931548627141078	-0.125125734198689
ENSMUSG00000027360	1.09439401765768	-0.228251401261789	-0.86614261639589
ENSMUSG00000058173	1.15260746372265	-0.636487001364787	-0.516120462357862
ENSMUSG00000044576	-1.15036247514068	0.488580822784079	0.6617816523566
ENSMUSG00000054889	1.11623187854284	-0.814084286911408	-0.30214759163143
ENSMUSG00000043165	1.10841762515091	-0.834490414167707	-0.273927210983202
ENSMUSG00000005583	1.07135692609973	-0.162656007058807	-0.908700919040924
ENSMUSG00000017737	-0.0990762745024881	-0.946774022100949	1.04585029660344
ENSMUSG00000026692	-1.12461885047283	0.335540091174507	0.789078759298319
ENSMUSG00000079038	-1.07955835673358	0.184933696776529	0.894624659957048
ENSMUSG00000049985	-1.12916107315644	0.773737064449436	0.355424008707009
ENSMUSG00000084350	-1.0726390454929	0.906568234510667	0.166070810982234
ENSMUSG00000045349	1.15370875128709	-0.535416616260573	-0.618292135026523
ENSMUSG00000096795	-1.03217497925455	0.067800629290445	0.964374349964106
ENSMUSG00000008601	1.14693660090466	-0.689236712072012	-0.45769988883265
ENSMUSG00000058498	-1.10807078931904	0.835343667544282	0.272727121774758
ENSMUSG00000022123	1.15293051074745	-0.631813498712727	-0.521117012034725
ENSMUSG00000079278	1.0436252797757	-0.949755050218747	-0.0938702295569471
ENSMUSG00000053461	-1.15316085587851	0.628204359910393	0.524956495968113
ENSMUSG00000025665	1.12395847747733	-0.33276753380167	-0.791190943675664
ENSMUSG00000044201	0.470888247185482	-1.14851487331422	0.677626626128733
ENSMUSG00000056888	1.14354320237913	-0.43309316660306	-0.71045003577607
ENSMUSG00000068617	1.13232493412708	-0.370253859122036	-0.762071075005042
ENSMUSG00000049892	0.257012669488021	-1.10342087755891	0.846408208070886
ENSMUSG00000073125	0.386606772583473	-1.13558858862935	0.74898181604588
ENSMUSG00000033715	-0.680835626576091	1.14809790911099	-0.467262282534897
ENSMUSG00000038332	-0.156710510464872	1.06910313533735	-0.912392624872477
ENSMUSG00000094065	-0.56813072631785	1.15465172209189	-0.586520995774046
ENSMUSG00000032373	-0.880984805973066	1.08694373814909	-0.20595893217602
ENSMUSG00000043613	0.920509680306205	-1.06399025103019	0.143480570723984
ENSMUSG00000050578	0.0975836486749366	-1.04521446239497	0.947630813720031
ENSMUSG00000009185	1.07232252334213	-0.907096976384368	-0.165225546957767
ENSMUSG00000059436	-0.0370191704446646	1.01799554598651	-0.980976375541846
ENSMUSG00000024987	0.585481596052557	-1.15466218395008	0.569180587897527
ENSMUSG00000015354	0.789125974334056	-1.12460418290429	0.335478208570237
ENSMUSG00000032500	-0.521999587542573	1.15298484014484	-0.630985252602274
ENSMUSG00000042595	0.033511300390564	0.982823133372876	-1.01633443376344
ENSMUSG00000037816	-0.832980442134246	1.10902735889179	-0.276046916757538
ENSMUSG00000025510	0.326532769256995	-1.12244950736942	0.795916738112419
ENSMUSG00000037490	-0.887721485722092	1.08336283264694	-0.195641346924845
ENSMUSG00000051159	0.615563482184305	-1.15383800373126	0.538274521546953
ENSMUSG00000001020	0.858965927257507	-1.0977891448496	0.238823217592092
ENSMUSG00000024924	-0.85997158200292	1.09732128279741	-0.23734970079449
ENSMUSG00000031613	0.868308677571557	-1.09334325733679	0.225034579765231
ENSMUSG00000004945	0.8387827547443	-1.10665596816501	0.267873213420708
ENSMUSG00000026697	0.796649280239903	-1.12221167773006	0.325562397490153
ENSMUSG00000061578	-0.92732784599201	1.05952237895334	-0.132194532961336
ENSMUSG00000026840	0.50917485436005	-1.15211498985739	0.642940135497337
ENSMUSG00000022129	-0.726210303383979	1.14057794635699	-0.414367642973015
ENSMUSG00000004371	0.139978759422336	-1.06261441474854	0.922635655326201
ENSMUSG00000086605	0.088615556968213	-1.0413586609858	0.952743104017589
ENSMUSG00000029298	-0.667611446053259	1.14972313172926	-0.482111685675996
ENSMUSG00000034926	-1.15350014908598	0.531164391001287	0.622335758084696
ENSMUSG00000024803	-0.218323901976584	-0.872800881999439	1.09112478397602
ENSMUSG00000025185	0.105899385041823	-1.04873530709155	0.942835922049726
ENSMUSG00000059237	-0.0996722830347165	-0.946431431474952	1.04610371450967
ENSMUSG00000094800	0.354050503917569	-1.12885831531958	0.774807811402006
ENSMUSG00000041193	0.755231582703885	-1.13406733795948	0.378835755255598
ENSMUSG00000020220	0.264848540476594	-1.10576462076095	0.840916080284357
ENSMUSG00000052276	0.542055415079	-1.1539953996085	0.611939984529496
ENSMUSG00000036381	0.220232917268109	0.871526601043794	-1.0917595183119
ENSMUSG00000046808	0.122006011918006	-1.05540528863533	0.933399276717328
ENSMUSG00000017491	0.802533365904543	-1.12026261302242	0.31772924711788
ENSMUSG00000030579	-0.405562149133619	1.13907136469727	-0.733509215563656
ENSMUSG00000043531	1.12301300722911	-0.794167929716246	-0.328845077512866
ENSMUSG00000093909	-1.02449850576702	0.973554042324135	0.0509444634428791
ENSMUSG00000042873	-0.0884361945666053	1.04128092359764	-0.952844729031035
ENSMUSG00000094651	0.733044739582058	-1.13916980383084	0.406125064248781
ENSMUSG00000050069	0.803025293593612	-1.12009652038894	0.317071226795325
ENSMUSG00000015709	-0.836206180626323	1.10771850314248	-0.271512322516157
ENSMUSG00000015377	0.996942517452563	-1.00302969208312	0.00608717463055638
ENSMUSG00000030827	1.07662227315399	-0.899785009369424	-0.176837263784561
ENSMUSG00000036523	-0.759337912499728	1.13303105443401	-0.373693141934279
ENSMUSG00000050243	-0.555577081869631	-0.598853107389013	1.15443018925864
ENSMUSG00000021750	-0.728058855469128	1.14020448996585	-0.412145634496719
ENSMUSG00000005237	0.272515812871035	0.835493784482194	-1.10800959735323
ENSMUSG00000029306	0.68660591087947	-1.14731119069546	0.460705279815992
ENSMUSG00000023945	0.715314120157285	-1.14266934159257	0.427355221435288
ENSMUSG00000020402	0.0994642231892745	0.946551056600538	-1.04601527978981
ENSMUSG00000022508	-0.0523979751004998	-0.97277090146244	1.02516887656294
ENSMUSG00000024735	-0.430643957722204	-0.712530022407429	1.14317398012963
ENSMUSG00000045382	-0.282460716821135	-0.828389132724834	1.11084984954596
ENSMUSG00000031808	0.722152592778664	0.419226032555857	-1.14137862533452
ENSMUSG00000022790	-1.13171009011813	0.367299753153752	0.76441033696438
ENSMUSG00000021051	-0.676926658773249	-0.471677228776935	1.14860388755018
ENSMUSG00000052139	-0.517135082974259	-0.635540102741408	1.15267518571567
ENSMUSG00000069014	-0.867931558038166	-0.225595520574127	1.09352707861229
ENSMUSG00000036896	0.664352225439868	0.48573408431567	-1.15008630975554
