d0	d7	d21
ENSMUSG00000020889	1.26650731017207	1.007951652316	1.0029236158176
ENSMUSG00000047281	2.15745217697988	1.12605757407271	0.992138638641745
ENSMUSG00000022425	1.1229229430811	0.997197559386296	1.00204647208642
ENSMUSG00000032291	1.36278168633677	0.80392779347352	1.00409213299757
ENSMUSG00000002289	0.864214306626713	0.946977790624586	0.988736808697294
ENSMUSG00000059824	1.4766073398367	0.993597702809203	1.02132214532752
ENSMUSG00000026077	0.745681930703287	0.987248335986147	0.967965118458671
ENSMUSG00000025930	1.15021438290331	0.955932847987927	1.01626611914208
ENSMUSG00000073557	0.902003054619274	0.968054918987704	0.967106264564734
ENSMUSG00000027996	1.44972879803331	0.887468912265431	0.985113743562578
ENSMUSG00000039959	0.875050413076261	1.02647405182438	0.977810523468951
ENSMUSG00000020788	0.902475734413557	0.987778789306592	0.968199372898583
ENSMUSG00000024049	0.886303196867936	0.955993582726122	0.976643850161649
ENSMUSG00000024538	1.11866069216163	0.994201234566442	1.00842619871699
ENSMUSG00000037443	1.18543326560435	1.11908672570152	1.00239299544379
ENSMUSG00000034161	1.1745714689355	1.02136569983429	0.986132133767844
ENSMUSG00000035385	1.17918982581795	0.947227952508626	0.990040094895044
ENSMUSG00000041828	0.922227974400635	1.07817875460533	0.999528910513044
ENSMUSG00000030074	1.22095830959681	1.00552034455211	1.04780628973584
ENSMUSG00000037820	0.916396360169766	0.933591527789175	0.969464109572767
ENSMUSG00000006342	0.904861100092336	0.924550634804493	0.975785585308581
ENSMUSG00000023169	1.2709029726339	1.00110262389897	1.01489866233558
ENSMUSG00000035373	1.22935878443028	0.96876284541011	0.982860510066606
ENSMUSG00000068747	0.901198232672774	0.951695534193693	0.972581809052189
ENSMUSG00000027993	0.902387204832248	1.02201601971952	0.982104181807785
ENSMUSG00000066113	0.910267513539487	0.963246804348052	0.973081050625395
ENSMUSG00000024900	0.894511267911306	0.992264871262152	1.00329602095361
ENSMUSG00000018819	1.11096014482796	0.995548499233862	0.996541293279964
ENSMUSG00000026100	1.44063629819346	1.10868307095303	0.945345599716653
ENSMUSG00000052296	0.849600750124107	0.917893690158104	0.96715405086816
ENSMUSG00000030659	1.12511685663486	1.03287295239705	1.00300129842862
ENSMUSG00000058914	1.22458905473252	1.03498532542356	1.05632298921181
ENSMUSG00000053469	0.704284892548383	0.966260643199195	0.890853796106831
ENSMUSG00000034648	1.15085337579538	1.00082948429755	1.02206423232312
ENSMUSG00000020592	1.1246607508686	0.964168131453874	1.01108902520882
ENSMUSG00000001403	1.32309162037701	0.974537802261084	1.04651948080563
ENSMUSG00000039883	1.21659053719327	1.00027399261681	1.07924983661334
ENSMUSG00000050315	0.914675855283029	0.962898148940804	0.969191375676183
ENSMUSG00000083405	0.834127517701079	0.904612085582173	0.972763040763575
ENSMUSG00000060572	1.13665811526846	1.00091098387738	0.984930767377341
ENSMUSG00000005611	0.892752616382625	0.958618487767049	0.975531702254659
ENSMUSG00000020218	1.12663012865828	0.894766838454698	0.976740409398095
ENSMUSG00000035199	1.11236128206278	0.976517788716688	1.06659468748999
ENSMUSG00000039748	1.49489356631085	0.945126211308747	0.998019763107924
ENSMUSG00000037318	1.27600355774003	0.993147039614119	1.08566005546191
ENSMUSG00000055937	1.92303358506541	0.952034662173487	1.07207148080311
ENSMUSG00000049516	0.928004697415738	0.976677912722715	0.984359422460408
ENSMUSG00000054675	1.15362868268153	1.0166067057281	1.00295625396518
ENSMUSG00000025092	0.901042388753171	0.997864840475251	0.96415923414295
ENSMUSG00000019932	1.0858264307695	0.980934286086515	0.988719856217365
ENSMUSG00000027107	1.14726436182738	0.958905433214553	1.05800279238913
ENSMUSG00000004098	0.925440535903923	1.01810822363632	0.964782097767037
ENSMUSG00000032013	1.46134680187308	1.03636398344577	1.02467030089352
ENSMUSG00000021994	1.35826106551085	1.00692281960606	0.924101337637732
ENSMUSG00000020649	1.16594070249824	0.989627991215295	1.02630792370482
ENSMUSG00000035557	2.69414829571156	0.909659545744181	0.993955606293886
ENSMUSG00000030732	1.09268681339875	1.20479253458342	1.03513511082956
ENSMUSG00000033792	0.906705752868261	1.03546922290401	0.980661217221095
ENSMUSG00000038244	0.909331650626497	0.926845781951162	0.967133120674754
ENSMUSG00000021823	0.925142919398134	0.978959527520101	0.981704360159377
ENSMUSG00000025324	0.895517029788206	0.982813901809406	0.969767509368474
ENSMUSG00000017631	0.912055304915649	1.0099854377307	0.996846272741399
ENSMUSG00000079523	1.22851294626392	0.951226748835832	1.02834639008116
ENSMUSG00000032911	0.914963984635458	0.973428614718997	0.960853631213769
ENSMUSG00000040433	0.91512035543608	1.01588391969185	0.981397329753346
ENSMUSG00000029708	0.903112400170178	0.978325732488947	0.964502335950555
ENSMUSG00000003660	0.898564086859099	1.00282784726287	0.990386180973662
ENSMUSG00000090035	0.841894144382262	1.00748317537597	1.00247064686189
ENSMUSG00000022324	0.915758035338208	0.956589679528126	0.99652098412185
ENSMUSG00000025140	1.26265443527852	1.00980558086043	1.00352001111446
ENSMUSG00000038170	0.90829919495294	0.980707990373061	0.974828548218023
ENSMUSG00000016128	0.901050653962311	1.00059747718634	0.987200873466811
ENSMUSG00000049641	1.14235650712607	0.990014040983332	1.07600541022082
ENSMUSG00000003038	1.10877505630686	1.02364835364554	1.03441322366528
ENSMUSG00000027239	1.19214611140132	0.994435407726607	1.0334227648699
ENSMUSG00000027326	1.54123077188131	1.01135563634071	1.14156658184542
ENSMUSG00000054196	1.26885099245799	1.01517339328774	1.0038093145706
ENSMUSG00000079243	0.902653814319626	0.949303031283971	0.970972008232994
ENSMUSG00000037709	0.84700956478695	1.00699548275426	1.00483577692686
ENSMUSG00000022371	1.22138134876457	1.0005649553891	1.00514642234426
ENSMUSG00000045128	1.22747528602649	1.03279189733855	1.0087391081251
ENSMUSG00000034354	0.902750091203971	0.994224004352611	0.953748593439433
ENSMUSG00000041347	1.16206768844673	1.01980861911268	1.03770539133668
ENSMUSG00000049517	1.14780671524342	1.01973213923974	1.0349865888922
ENSMUSG00000042129	0.803911820337101	1.0479872459041	0.96772173323273
ENSMUSG00000051339	0.865970393825385	0.959174261847569	0.934244528086044
ENSMUSG00000004508	0.865084278553573	1.02134366975653	0.954928685992511
ENSMUSG00000058230	0.905302807937479	1.00809905304187	0.963871694516538
ENSMUSG00000020357	0.85959099683482	1.03555177217521	0.932715381705255
ENSMUSG00000015880	1.48712917531959	1.01566825839754	1.10733965297974
ENSMUSG00000032518	1.14966364502899	1.00509393717305	1.01769718122683
ENSMUSG00000057454	1.70801804322189	0.94902131571789	0.974523690623917
ENSMUSG00000040648	0.891016418556181	1.02921822753133	1.00207347945235
ENSMUSG00000019907	0.851269239097703	0.923459769549903	1.02357025117119
ENSMUSG00000029380	1.08519040977749	0.993988967423993	1.01837939793336
ENSMUSG00000032262	1.23298513290038	1.05465071517952	1.038521265094
ENSMUSG00000054203	0.787505984067538	1.01465163055738	1.00313098627893
ENSMUSG00000029313	0.868644748029577	0.977557815287554	0.961482212585175
ENSMUSG00000033306	0.919426954791725	0.975246650750158	0.981361910702503
ENSMUSG00000034731	0.861020131219355	0.973340910637246	0.974383798499591
ENSMUSG00000032218	1.26678139211462	0.989022122542063	1.07906487615207
ENSMUSG00000040204	1.40156608064616	0.992615796212356	1.05359523402501
ENSMUSG00000022440	1.19964855953728	0.99642887627859	1.05133646386912
ENSMUSG00000042607	0.878562709772961	0.945764405883057	0.97379944233604
ENSMUSG00000042436	1.10217412802234	1.02873369756333	1.03877698330262
ENSMUSG00000019820	0.803557462058708	1.01882142008714	0.999817276212069
ENSMUSG00000018604	0.863287475158744	0.950203112960175	0.971398685721395
ENSMUSG00000025241	0.900145042886625	1.00316753647132	0.963162767947727
ENSMUSG00000059291	1.09829809245039	1.02410658598504	1.04638178245399
ENSMUSG00000032289	0.876602506476622	0.978695961039454	0.985191289922242
ENSMUSG00000026278	1.13715706543518	0.968977624825858	1.07089409935716
ENSMUSG00000039523	0.912828170861493	0.977102931421889	0.959662654793527
ENSMUSG00000101939	2.0452553145729	1.90680012057064	1.15786521203892
ENSMUSG00000022893	0.938248174564772	0.986427851692173	0.982131001544734
ENSMUSG00000036777	1.27538306399572	0.979445060833063	1.07848716095438
ENSMUSG00000043940	0.866277942894865	1.02278957376809	0.960627166727607
ENSMUSG00000001131	1.18155751983486	0.990126119326337	0.963778332884687
ENSMUSG00000007817	0.878489196453071	1.01087268110377	0.974331504607748
ENSMUSG00000030677	1.40284861528212	0.997965395403782	1.10067246339469
ENSMUSG00000037805	1.10599474239398	1.00617199144976	1.03097632557078
ENSMUSG00000040952	1.08364360418303	1.02914727265195	1.03642340309873
ENSMUSG00000024922	1.84324612135306	0.992108805421165	0.890683081909281
ENSMUSG00000022676	1.15315172708911	1.033771196513	1.02813851796024
ENSMUSG00000068220	1.1062683573187	0.978377772807764	1.0267372759566
ENSMUSG00000022464	1.28626317525856	0.920871111505878	0.968442903789845
ENSMUSG00000004677	0.891939416478494	1.00317773665678	0.98016472815799
ENSMUSG00000033453	0.883696706516968	0.994237807714549	0.985414250232151
ENSMUSG00000046352	1.26505387343766	1.02008639888786	1.02598320513319
ENSMUSG00000023977	0.90640359515829	1.01926160821446	0.975888429665527
ENSMUSG00000019966	0.912223371889249	0.953333285954139	0.990761412839576
ENSMUSG00000027208	1.22006822129886	0.939173706453017	0.947397867344113
ENSMUSG00000000567	1.10251977274721	0.978010877122051	1.00561988606799
ENSMUSG00000024978	0.75179197232239	1.13140017331538	0.994753953546418
ENSMUSG00000025574	1.22883613794199	0.977276645371485	1.02998310389489
ENSMUSG00000032198	0.826156969894502	1.01121031046635	0.957170960404359
ENSMUSG00000051351	1.13039023758664	1.09096108950908	0.96515924058093
ENSMUSG00000005952	0.903729413364416	0.935947212945544	0.965629263648138
ENSMUSG00000021375	0.904663839129483	0.980139685968817	0.98820712835614
ENSMUSG00000027875	0.893237799322299	1.04959048703833	0.974805944004506
ENSMUSG00000058325	0.912562807895196	1.01929951810947	0.990993434204005
ENSMUSG00000054146	2.51715938387904	1.24743156649219	0.959624776361614
ENSMUSG00000029417	1.28666293910356	1.03217334993362	1.03731923862958
ENSMUSG00000056851	1.31773708612555	1.00829486512686	1.03321662480286
ENSMUSG00000045545	2.44231477871852	1.37001729887883	0.967564108161602
ENSMUSG00000041431	1.2435861281892	0.962096242004307	1.15218760454809
ENSMUSG00000030084	0.899174381837252	1.02784090530547	1.00257609585014
ENSMUSG00000022801	0.902943215011973	1.02648327684089	1.00340125875789
ENSMUSG00000029174	0.906007846130678	0.9717371182264	0.968619882415812
ENSMUSG00000023232	1.1528677353999	0.957806291390934	1.04382411512069
ENSMUSG00000049685	2.71412622782641	1.31545092310033	1.00384069427434
ENSMUSG00000078937	0.782005849274813	0.96657490874249	0.983171685387311
ENSMUSG00000060548	1.10833417284035	1.03462837666715	1.01186251262474
ENSMUSG00000006058	1.10495868758754	0.990695798982615	1.00016792305884
ENSMUSG00000035831	2.79052251725935	0.970412817209006	1.03090593572171
ENSMUSG00000026924	0.875024613224431	0.989902084595343	0.930347540124585
ENSMUSG00000040152	0.920268184740297	0.991514180322745	0.957001586649811
ENSMUSG00000020741	0.896065352212171	0.993127852339266	0.96528454606366
ENSMUSG00000024048	1.10542363810408	0.997871045701088	1.01467802151508
ENSMUSG00000008683	1.11740180131853	1.01310336280983	1.04276481077584
ENSMUSG00000048232	0.904066966628254	1.00427582528914	0.988575131904495
ENSMUSG00000001025	1.1211224495891	0.980384457879867	0.997115825463063
ENSMUSG00000071856	0.855149376217165	1.09431702206361	0.99472359365777
ENSMUSG00000006576	0.905286552491198	0.941379244533158	0.955956893818416
ENSMUSG00000042046	0.89536152162367	0.985029623151223	0.973856376705496
ENSMUSG00000027533	1.13889250940119	1.00631501232334	1.01643332173112
ENSMUSG00000063661	2.3616355935624	0.998785014669844	0.986371128195593
ENSMUSG00000029177	1.2145648043828	0.990068728169743	0.989237337686709
ENSMUSG00000037486	0.906971078030916	0.971653020405267	0.962262607040338
ENSMUSG00000027306	1.25175737124202	1.00544792769669	1.10587204968322
ENSMUSG00000034525	0.877550751048672	1.03798631288472	0.978453792114311
ENSMUSG00000074129	1.14361840794078	1.00943983237182	1.03157106905845
ENSMUSG00000041528	0.91505972619352	0.993819576178185	0.965944341604382
ENSMUSG00000026459	1.15004723255377	1.01552429418385	1.02414785843401
ENSMUSG00000070738	0.91220420057452	0.990288758726498	0.977968199170037
ENSMUSG00000059898	1.57664639987953	0.976424655058391	0.98063687864244
ENSMUSG00000034235	0.898654053375818	1.06729605746033	0.964098628140947
ENSMUSG00000084897	1.62841107412656	0.910143724997721	1.02016976160684
ENSMUSG00000030306	0.808817075000972	1.00487768164456	0.941718831127265
ENSMUSG00000079020	0.904888176790235	0.966639514967784	0.998385528121702
ENSMUSG00000070436	1.08798501165456	1.00976589072908	1.01544793097393
ENSMUSG00000024521	1.12972749518603	0.944691206321623	1.03372402624626
ENSMUSG00000024660	1.30591771529022	1.0004461801515	1.01451051467378
ENSMUSG00000090958	0.908908173325616	0.935807733386566	0.953584586032624
ENSMUSG00000073700	0.921085245542809	0.945710411751606	0.952169044898102
ENSMUSG00000063632	1.3053098157403	0.997448718551508	1.06045454422242
ENSMUSG00000054717	1.09760418666738	1.01131521594053	1.02357984730977
ENSMUSG00000070990	1.72560857767085	0.933798531807143	1.02963166494002
ENSMUSG00000029683	1.25785315092322	0.998002216452471	1.11574214779967
ENSMUSG00000033396	0.866822682534352	1.04391592532152	0.9899144686605
ENSMUSG00000039787	1.13833142082825	1.02728283512595	0.978624141061986
ENSMUSG00000029304	1.10868135370622	0.919004636570504	0.967902830248681
ENSMUSG00000001506	1.09131547131563	0.986608021406069	1.01247981773481
ENSMUSG00000040797	1.21003696480413	0.985497189836227	1.030154465908
ENSMUSG00000033209	0.89791319627699	1.04561961229939	0.965069238299204
ENSMUSG00000017716	1.34388218157848	0.982818482169876	1.14014969385281
ENSMUSG00000042988	1.36771875123253	1.02598597179939	0.921478597752387
ENSMUSG00000029577	0.912287581197637	1.02471643638525	0.958242570496588
ENSMUSG00000054641	0.897049796392392	1.02697404337106	0.949465991504589
ENSMUSG00000030672	1.21041963695899	0.959681081017638	0.914897082461149
ENSMUSG00000027716	0.908721941670661	0.947011138298973	0.966645443260187
ENSMUSG00000031431	0.928836335758406	0.994143299427906	0.979096783809218
ENSMUSG00000101645	0.695325221726343	0.849711742421852	1.00158215934179
ENSMUSG00000078684	0.893592247197567	0.996021492552422	0.982570945328361
ENSMUSG00000005268	1.42695312276054	0.914242351105572	0.943055762341741
ENSMUSG00000041797	0.907802666090472	1.05776964042657	0.970607116681989
ENSMUSG00000048922	1.27695330964208	1.02303784499689	1.12897773995717
ENSMUSG00000024011	1.24655476314405	1.15552800619996	0.982639930368994
ENSMUSG00000051910	0.868819640881533	0.937073663827338	0.901047091024029
ENSMUSG00000062997	1.12666451057401	1.01772610439711	1.02767432305484
ENSMUSG00000037568	1.20309552990208	0.964889683273743	1.00632501448719
ENSMUSG00000027962	1.08817045859474	0.996451592542777	1.0443827710953
ENSMUSG00000041341	0.874629452531449	1.00339383789563	0.96768714948957
ENSMUSG00000023505	1.35234876309171	0.993205349617958	1.08762977366144
ENSMUSG00000029414	1.34571244236906	1.02316025047733	1.06750688566822
ENSMUSG00000003226	0.913311546398233	0.994136304315328	0.987812197482933
ENSMUSG00000024251	0.8452578956189	1.01794938685292	0.969690819806519
ENSMUSG00000024163	0.883558146602931	1.02452347554472	0.953318557552528
ENSMUSG00000051118	1.20736003768076	1.02847605820516	1.03708140577661
ENSMUSG00000014303	1.11019095801155	0.9127646823994	1.00444095854487
ENSMUSG00000058427	1.23865449710986	1.02819201653284	0.996369951513493
ENSMUSG00000040506	0.902763112169214	0.972340416161753	0.943501750601061
ENSMUSG00000025213	1.14654785239993	0.974265341553442	0.984824551248802
ENSMUSG00000037725	1.1916636957031	1.00431893334278	1.08595412788509
ENSMUSG00000100622	0.604996066170947	0.527760431143284	1.01647473285588
ENSMUSG00000051397	1.85524344578638	0.983080770507033	1.06050606577592
ENSMUSG00000078886	1.23829351873588	1.03936807809142	1.08090747442267
ENSMUSG00000061048	1.3028210164918	0.955312257055411	1.01180474171374
ENSMUSG00000019731	0.914855676450667	0.991224931155227	0.949404212608285
ENSMUSG00000024791	1.36345243040416	1.02872560761665	1.07800839278529
ENSMUSG00000079013	1.70840075980364	1.27331785057652	0.99339981942024
ENSMUSG00000039620	0.744054561362162	1.02768226197364	0.969639087642532
ENSMUSG00000039470	0.862991042285089	0.96188616238729	0.988513310037884
ENSMUSG00000026414	1.24442561453967	0.953939059790596	1.00408260781085
ENSMUSG00000020576	0.892342777827404	0.996118136578354	0.978722102056535
ENSMUSG00000052934	0.910743542034813	0.996100579556974	0.955724713363376
ENSMUSG00000031962	1.09896573796573	0.988223837086275	1.04501967091289
ENSMUSG00000022510	1.19968929396061	0.982082999818199	1.01876735569138
ENSMUSG00000071415	1.09544848928938	1.02167300567648	1.03009050301689
ENSMUSG00000061816	1.17397085545273	0.969049680435945	0.947880875507075
ENSMUSG00000060636	1.0981886704051	1.01069719365451	1.04368644627531
ENSMUSG00000028234	1.10944306351909	1.00702500005202	1.0364200400248
ENSMUSG00000002343	0.858460826084271	0.983429724076009	1.01931764267957
ENSMUSG00000028640	1.67298886751843	0.966555537112587	1.00731201439263
ENSMUSG00000032548	0.853675503739547	0.974561308925616	0.9313839383245
ENSMUSG00000058558	1.10260902090397	1.01223137110963	1.03207825335278
ENSMUSG00000067288	1.13127649098193	1.02903379947164	1.03752752464088
ENSMUSG00000002769	1.55750884284633	1.04310194280909	1.0249070916924
ENSMUSG00000047419	0.774319938221477	0.95073900653161	0.897215364697654
ENSMUSG00000028893	1.48169666241887	1.58306467370721	0.955202861094264
ENSMUSG00000043456	0.905973927181077	0.943686022638973	1.00789881945466
ENSMUSG00000056900	0.840594944947535	0.945119011012871	0.961945727956881
ENSMUSG00000024378	1.12339375397021	0.945805480996202	1.01952542016326
ENSMUSG00000035799	1.13465542612215	0.968205663467512	1.00277035284734
ENSMUSG00000061477	1.10004237500636	1.01559811210263	1.03721526025713
ENSMUSG00000029720	0.904522196067389	1.01821919085422	0.987216411956999
ENSMUSG00000041949	0.874676260928244	1.0142478538898	0.982346588531897
ENSMUSG00000047036	0.688905951083099	1.0483969389865	0.955812901213649
ENSMUSG00000037415	0.904026352295758	0.998808065313778	0.982040805121124
ENSMUSG00000079588	1.20170936956502	0.953511810623464	0.911016941799275
ENSMUSG00000024112	0.908037804546058	0.962526375531848	0.98237264913871
ENSMUSG00000047786	1.17770695898376	1.01351994289048	1.06890055758554
ENSMUSG00000060962	1.65818804056351	1.12378290075213	0.987643152742554
ENSMUSG00000025794	1.10173803770525	1.01097117153227	1.02899230840613
ENSMUSG00000045790	0.905523279253667	0.96368316860728	0.95195966273264
ENSMUSG00000017724	1.18646472041779	0.962233388776044	0.987351149786009
ENSMUSG00000039452	1.15578422355216	1.00895863395187	1.00148346535425
ENSMUSG00000020897	1.26628878732402	1.01308175165981	1.10704427007005
ENSMUSG00000038550	1.16740934758006	0.964976396745958	0.988792495262881
ENSMUSG00000019984	0.881968260007513	0.986253292505431	0.974792497488202
ENSMUSG00000038718	0.868565224676403	0.99462833897056	1.00830834335682
ENSMUSG00000079641	1.12933419085209	1.01136607513277	1.05562602140256
ENSMUSG00000003435	0.847205917539707	1.04405020809556	0.969072161945525
ENSMUSG00000069515	0.89748591350437	0.921469316345935	0.98107469910867
ENSMUSG00000021277	0.888396855426694	0.968813933961416	0.986699652652167
ENSMUSG00000031230	1.21096693771257	1.03089053256628	1.07422751991078
ENSMUSG00000022986	1.61917286498977	0.995271045267617	1.17501659030508
ENSMUSG00000033039	0.864825025129216	1.01256057664727	0.985463044198785
ENSMUSG00000046330	1.11270604055163	1.01347135955112	1.03405870147965
ENSMUSG00000001504	1.51063780635049	1.07166988592287	1.06748690349087
ENSMUSG00000005220	1.42279380257739	0.838725563876119	0.905596395141831
ENSMUSG00000021469	1.36664265403563	0.938652921845816	1.01021036431712
ENSMUSG00000073403	1.20969801541315	0.985965666551471	1.01673130934194
ENSMUSG00000002831	0.888104389568994	0.982908565897495	1.02451081366892
ENSMUSG00000025362	1.14361325629097	1.01509860217052	1.06476007348438
ENSMUSG00000048327	1.20353523177945	1.00659280316351	1.09662302262613
ENSMUSG00000092329	0.855155268459886	0.971597641339544	0.996350305814609
ENSMUSG00000024471	1.1949869984462	0.993267205164632	0.910170505470788
ENSMUSG00000039298	1.14141814118703	0.987515660761221	0.960337868669209
ENSMUSG00000029009	0.893654217574468	0.95698998416424	0.930762764576366
ENSMUSG00000004347	1.1513924178747	0.999376330834537	1.03783580490739
ENSMUSG00000044285	0.903581730768874	0.978540996852771	1.02886312933744
ENSMUSG00000020953	1.10780533266401	0.895790535416778	0.960236851034781
ENSMUSG00000028347	1.19654814971458	0.959598985747187	1.04477044554549
ENSMUSG00000034126	0.872034672229591	0.979830697245898	0.964941852681365
ENSMUSG00000041841	1.13195089991611	1.02399003606082	1.0491497796444
ENSMUSG00000037601	1.10324160342775	0.991905094591613	0.999500879987505
ENSMUSG00000027864	1.15696481704347	0.979035643494187	1.09023827798419
ENSMUSG00000032777	0.884256931423995	0.989748237603146	0.979606644009148
ENSMUSG00000034892	1.13245115453261	1.02050545765293	1.03468751650497
ENSMUSG00000027985	1.27328933428218	1.04854181465858	0.967797980978482
ENSMUSG00000027878	0.904883658527081	1.01365343690365	0.967983912719607
ENSMUSG00000017588	1.54685021683324	0.996397104485499	0.995088573400943
ENSMUSG00000027524	1.1419722889041	0.970816246331651	1.07972671308358
ENSMUSG00000038766	0.87166686235179	1.06000239772966	1.00251902900023
ENSMUSG00000035181	0.893660900843588	0.96122625035486	0.963824573355202
ENSMUSG00000024451	0.834050109349329	0.994109422095765	0.983279631164985
ENSMUSG00000031385	0.887224060165167	0.949430747255535	0.941651783867086
ENSMUSG00000032115	0.895770328272253	1.00945580747153	1.01965356995128
ENSMUSG00000098428	0.701439080805233	1.00588829178172	1.05469322137468
ENSMUSG00000034055	0.89944666208937	1.01722901306693	0.975010622308928
ENSMUSG00000039414	0.832221287782551	1.01233363025127	0.986379485624673
ENSMUSG00000024066	0.802252196870479	1.0030864411088	0.950041944307769
ENSMUSG00000019848	1.14627065966719	0.97397197193211	1.01681639707899
ENSMUSG00000041037	0.877452924672919	0.976769569519669	0.956862116603017
ENSMUSG00000090733	1.11835669385662	1.03276240553034	1.02365597062936
ENSMUSG00000035948	0.876128519291432	0.985361727514355	1.03509117599205
ENSMUSG00000005871	0.894127593418899	0.976870200182301	0.990707893952488
ENSMUSG00000044447	0.884791548649955	1.02862805241134	0.972877570522939
ENSMUSG00000025266	0.892940011601411	1.02580953002587	0.987320192657678
ENSMUSG00000057722	0.90080805727715	0.940426891373505	0.943376038395384
ENSMUSG00000026822	0.859404175147763	1.00176034979935	1.00699088868244
ENSMUSG00000092586	1.36156274086392	0.980237280910205	0.947263535878803
ENSMUSG00000067006	1.96759141040759	1.0081165652645	1.00745069856873
ENSMUSG00000041219	1.20602814838715	1.01215841718801	1.05418908368684
ENSMUSG00000034394	1.24726408838007	0.975096223123792	1.02939182529475
ENSMUSG00000022479	1.72990240033713	0.88186035565224	0.887183776616005
ENSMUSG00000104063	0.889695504998778	0.983902232615079	0.927221251199062
ENSMUSG00000036568	0.884917400610366	1.04801447171419	0.982044153839083
ENSMUSG00000020216	1.18983678418261	1.00888131041247	1.0331387388191
ENSMUSG00000031273	0.858789594657299	0.926773880115247	0.96678958301787
ENSMUSG00000041975	0.878450423544856	0.964639881817925	1.02707310449005
ENSMUSG00000035969	0.897875087704011	0.980513022948767	0.953936126363309
ENSMUSG00000094777	1.39834551703555	0.977788112480123	1.0504982066945
ENSMUSG00000037138	0.891502375405975	1.11330393173063	0.956567093695472
ENSMUSG00000037999	0.909012438120052	0.958508762294037	0.97194493606648
ENSMUSG00000089960	1.47101985704493	1.18449095271677	1.05619260719174
ENSMUSG00000053965	0.880094729629561	0.986374845239691	1.13285911922529
ENSMUSG00000009927	1.14288340483478	1.02363207914323	1.01462730348523
ENSMUSG00000032480	0.891233494152172	0.987519302494286	0.985220579569411
ENSMUSG00000031907	1.27463375520244	1.02005892466257	0.962011875134502
ENSMUSG00000025105	1.37390346083303	0.992952159370692	0.961772464126409
ENSMUSG00000026413	1.28658956032126	0.917350391036928	1.08604437864385
ENSMUSG00000034634	1.37973150992791	1.06428553533904	0.973658680429476
ENSMUSG00000030814	1.11250731138959	1.0061445639605	1.05817476279371
ENSMUSG00000027356	1.57864762595307	1.01362479240201	1.03306677980232
ENSMUSG00000080859	0.691373531709487	0.996413831219456	0.997047457724811
ENSMUSG00000042029	0.840179932855696	1.02027573205779	0.965752982636159
ENSMUSG00000027678	0.900913342349034	0.978381613743802	0.949212474894381
ENSMUSG00000026971	1.25300346303089	0.939022663158635	0.921373355657225
ENSMUSG00000056328	1.40264334089862	1.01640805438256	0.909716612171073
ENSMUSG00000051278	0.734247760590547	0.968928279980321	0.956498474425836
ENSMUSG00000001604	1.1606710113031	1.08403417868139	0.961217590368642
ENSMUSG00000021943	1.20212182904726	0.91981978140925	0.966257134154508
ENSMUSG00000027715	1.2109734986596	0.990631722948434	1.12087810059394
ENSMUSG00000022483	1.13549292749513	0.961889470076685	0.98254561696803
ENSMUSG00000018893	1.15965149925285	1.00589877094921	0.992526430510823
ENSMUSG00000029587	0.891583266361645	0.999924881197277	0.983471047369101
ENSMUSG00000060913	1.30136856366233	0.952579668174932	1.10437495346386
ENSMUSG00000027668	0.895858282617911	1.03671815465143	0.974647801291163
ENSMUSG00000027015	1.1472677341439	1.00550623190962	0.963938137763532
ENSMUSG00000061397	1.29554048063945	1.14265051432757	0.848786068835939
ENSMUSG00000082361	0.820644198701523	0.927766144650425	0.996855318642735
ENSMUSG00000040537	0.902743358267007	0.979915521939269	0.993379757872921
ENSMUSG00000002055	1.2022271048671	1.04221712960578	1.15871001768429
ENSMUSG00000015750	0.900774875198148	1.03292476140196	0.980350442685302
ENSMUSG00000021643	1.15007519708071	1.00917970379042	0.990217495523418
ENSMUSG00000102697	0.813913741217648	0.984075380000403	0.95916686427287
ENSMUSG00000074476	1.27706082336799	0.98530383026553	1.0530764881888
ENSMUSG00000002032	0.843717296154702	1.06121749847537	1.02814933414976
ENSMUSG00000002020	0.84418194137005	0.990126426796185	0.996608004484084
ENSMUSG00000020747	0.902810156816901	1.02099286546806	0.964824938773338
ENSMUSG00000024678	1.12275832475548	1.01214756514114	1.0027655150832
ENSMUSG00000069441	1.46514527572782	0.999313804818886	1.01264295934376
ENSMUSG00000053646	0.882062671295507	1.01196169517295	0.968567484802854
ENSMUSG00000026039	1.2546700115873	1.00367069887043	1.07516401712761
ENSMUSG00000028936	1.11197805822549	1.01111858286609	1.04070686865057
ENSMUSG00000043430	1.48911689820861	1.0748109023399	1.08991641846721
ENSMUSG00000040102	0.889784593953651	1.0343717772025	0.964822443520175
ENSMUSG00000026955	1.20653191808793	1.02211243055125	1.07592744589
ENSMUSG00000041229	0.895936670926827	1.01363309404458	0.987069832560658
ENSMUSG00000025747	1.16295888362199	0.994151462341718	1.0941739904552
ENSMUSG00000034684	0.903401998811093	0.984074170683953	0.964807605009281
ENSMUSG00000029061	1.11691284175338	0.980988197404871	0.971937381943688
ENSMUSG00000036208	0.882991625747891	0.988643790791124	1.00939775687078
ENSMUSG00000030816	0.899304789840354	0.992133749782044	0.963524027392426
ENSMUSG00000052909	1.21447135714242	1.04183025400325	0.997523772968276
ENSMUSG00000040310	1.19592014105364	0.93135767370883	1.00216004739878
ENSMUSG00000043557	1.25900878724608	0.953133083515441	0.932680009675242
ENSMUSG00000028348	1.2700196621923	0.912947017119935	0.874147055711993
ENSMUSG00000020701	1.23664531087521	0.884721844318437	0.975909104991296
ENSMUSG00000069272	1.34303430164914	0.972380630437897	1.04287609183872
ENSMUSG00000037110	0.869637305522413	0.995852573331906	0.972944813381587
ENSMUSG00000042306	1.43060814341284	1.02891952123898	0.994148827357872
ENSMUSG00000003355	1.15256096676338	1.01420674379567	1.03177009867856
ENSMUSG00000049739	0.860407005042497	1.04392843531909	0.971724615652018
ENSMUSG00000012519	0.867982748903162	0.997088250391133	1.01138948564818
ENSMUSG00000039662	0.890688567491139	0.984709629862063	0.961335876408643
ENSMUSG00000006649	1.21901381478319	0.999484324309643	1.02246724449533
ENSMUSG00000016763	1.2249909564643	0.932210211651803	0.978609233472533
ENSMUSG00000040564	1.30809250478652	0.993780487020871	1.09614511199045
ENSMUSG00000030303	1.22274871228616	1.04279736760826	1.06433574664416
ENSMUSG00000071019	1.50276971195322	1.13969235563885	1.01954257318603
ENSMUSG00000042045	1.24725586314723	0.94227633930465	1.11329105914383
ENSMUSG00000040697	0.870040027950195	1.00940733782852	0.981136415482285
ENSMUSG00000026574	1.15078313941161	0.961364900230699	1.07430481998768
ENSMUSG00000062248	1.15713062289967	1.01770990095868	1.06055120893177
ENSMUSG00000015944	0.891232735154799	1.01713218254813	0.99743995443293
ENSMUSG00000024542	0.809465053945448	1.0574650363245	0.969559338638936
ENSMUSG00000028150	0.831844916611723	0.934017959797337	0.979324725443683
ENSMUSG00000068614	1.14595934884432	0.985786814528798	1.0079972818385
ENSMUSG00000039481	1.15820181176417	0.930244536548477	1.00016438804085
ENSMUSG00000050505	0.889795401636733	0.969282750272458	0.993053946878634
ENSMUSG00000020330	1.18265407554958	1.00261500772308	1.15729441664368
ENSMUSG00000079362	0.772676021555463	0.896218036852819	0.93231339811455
ENSMUSG00000040612	0.864151315118349	0.901900332841458	0.994100594248859
ENSMUSG00000022376	0.78031564078972	1.13096602021286	0.835927306598957
ENSMUSG00000033083	0.876146633598362	0.941457630833714	0.971287818760778
ENSMUSG00000001150	0.897958920795874	0.967334242823899	0.977703249099713
ENSMUSG00000041261	1.16126582627905	1.01977862526303	0.984430794854098
ENSMUSG00000025202	1.43229806433675	0.984356073263461	0.997451647440845
ENSMUSG00000038155	1.13673022189235	0.999125900773827	1.06555544106529
ENSMUSG00000097808	1.13673022189235	0.999125900773827	1.06555544106529
ENSMUSG00000028532	0.876880872558261	0.997319040489299	0.995468719000999
ENSMUSG00000025991	1.49746919770268	1.00532633508106	0.92678952904139
ENSMUSG00000047501	1.48043330756628	0.945843400159048	0.959053854848821
ENSMUSG00000042453	0.899264531952714	0.99748619992332	0.922150577180634
ENSMUSG00000057278	1.12580992132342	1.0133792735122	1.02277199381817
ENSMUSG00000030739	0.902161835974534	1.3381129030855	0.95791470554705
ENSMUSG00000022523	1.20846813242585	1.09804817157669	1.05927826056196
ENSMUSG00000053522	1.36799957781963	0.986088187199713	1.06158000681828
ENSMUSG00000038024	0.844559739495983	1.11667647362935	0.945288839301035
ENSMUSG00000041476	1.30047383554623	0.93765250208833	0.918370331183541
ENSMUSG00000026669	1.23002216526944	0.999252158979966	1.08153322864986
ENSMUSG00000023391	1.49007360513955	1.0342576248872	0.884622109902027
ENSMUSG00000009214	1.14914519972116	1.01770362556525	0.994367055461685
ENSMUSG00000021604	1.40280377095434	1.03502711274722	1.12560610690604
ENSMUSG00000028976	1.25400324979334	1.02601052522373	1.02112557514356
ENSMUSG00000036529	0.890848348420348	1.03466098874542	1.01912308660034
ENSMUSG00000067219	1.16913195491472	0.985720529842074	0.97383986058698
ENSMUSG00000027580	0.889160275034642	1.03648199262679	1.00290349309436
ENSMUSG00000050271	0.88231674228559	1.00107260771829	0.93717293307298
ENSMUSG00000026944	0.898669769371864	1.01433226012473	0.937494596386082
ENSMUSG00000061527	2.31269345161316	1.12784057971684	1.0135708886733
ENSMUSG00000069919	1.23896504081054	1.07022492737027	0.943319324732433
ENSMUSG00000027650	0.896763446031569	1.02977135260853	0.97917460304053
ENSMUSG00000020722	1.17353566212498	0.930304097560012	0.980493880533936
ENSMUSG00000019880	1.24215294132143	0.906785850086127	0.973392937873853
ENSMUSG00000069227	0.860140849214459	0.978657214857031	1.00773965525717
ENSMUSG00000070564	1.1199616214385	0.990131403611569	1.03435367139895
ENSMUSG00000032172	0.771341009173762	1.3309686423579	0.794297064015514
ENSMUSG00000047757	1.16859290022908	0.999610156226312	1.00325050740542
ENSMUSG00000045328	1.15089645461556	1.00847595049365	1.08224140688191
ENSMUSG00000009394	0.860315155015177	1.06656071764977	1.01280568843816
ENSMUSG00000021569	1.19696327859633	0.977770973375159	1.12413458211789
ENSMUSG00000000861	1.31802794940643	1.0330755102746	1.00555286934741
ENSMUSG00000030433	1.14682536572193	0.953269866478345	1.04165573312024
ENSMUSG00000039323	1.21926218748248	0.813544473904983	1.09666817874751
ENSMUSG00000034832	0.899297182001624	1.01014608247982	0.935280117647825
ENSMUSG00000025429	1.14605406071638	0.981556574039597	1.02413074389219
ENSMUSG00000075307	1.18811410628771	0.994156087088882	0.932447765084005
ENSMUSG00000045763	1.13370752697088	1.00012966385259	0.996552276933411
ENSMUSG00000041845	1.14441259925494	0.973324008140261	0.950079910061219
ENSMUSG00000022015	1.22764827949515	0.950697284383036	1.08613249548942
ENSMUSG00000031103	1.12682948616254	0.997456510023748	0.963566841087267
ENSMUSG00000034573	0.890203970940059	1.00182298745982	0.965271762974227
ENSMUSG00000033419	1.26036814658949	0.923573085069909	1.07885324075561
ENSMUSG00000032852	1.32774330031054	0.966393700782793	0.976548581064916
ENSMUSG00000021071	0.840216065702982	0.969304774187817	0.966736688964692
ENSMUSG00000030068	0.842381054969787	0.943209643467155	0.944713479377098
ENSMUSG00000036306	1.16535581687247	0.960831423515373	1.00462645947722
ENSMUSG00000063727	1.15661168817049	1.03400471748174	0.981039943480817
ENSMUSG00000028246	0.8552609280901	1.07041163720297	1.00495461340828
ENSMUSG00000073940	1.24820668697341	1.06646191253981	0.945430116803387
ENSMUSG00000019942	1.1744031854684	1.0012650783324	1.15522582708839
ENSMUSG00000032783	1.22706835395065	0.996074390576718	1.04492209933216
ENSMUSG00000052316	1.19871759184712	0.940271828672254	1.05347000486579
ENSMUSG00000020583	1.13137955647507	0.893007700970238	0.945776869839713
ENSMUSG00000001228	1.22817668965408	0.981484166500152	0.995373793338874
ENSMUSG00000023868	1.13626666897115	1.04496514046411	1.02524001463578
ENSMUSG00000020407	1.12714588580106	0.917902384090211	1.04771832922255
ENSMUSG00000021720	0.856980083992711	0.979752600240618	0.979249446194144
ENSMUSG00000045573	0.885825967088636	0.831458110949849	1.02420948564149
ENSMUSG00000038970	0.88584364496001	0.985385751913513	0.956285441765724
ENSMUSG00000060012	0.822979680579775	1.02174037820843	0.854819732579832
ENSMUSG00000019761	1.13276676220577	1.0342149887027	0.970655327850039
ENSMUSG00000032068	1.32573893483675	1.01671181444044	1.02505265490639
ENSMUSG00000004698	0.836066631962945	0.966263804189904	0.977453088645976
ENSMUSG00000050359	1.21540938535693	0.99269908598341	0.905720962882128
ENSMUSG00000001655	1.24442971122478	1.02196610632195	1.02026525969991
ENSMUSG00000054293	0.824374624966177	1.04015638357557	0.9595645941466
ENSMUSG00000005251	1.821418337725	1.03463280038069	0.952562922292774
ENSMUSG00000047821	1.12375647198445	0.958860054850953	0.969406307369075
ENSMUSG00000036281	0.885140218665742	1.03909287595218	0.956317037097642
ENSMUSG00000080268	0.883361120969384	0.99472673648222	1.04879925851079
ENSMUSG00000020061	1.12985650306397	0.974152242363746	1.05669901071068
ENSMUSG00000021214	1.44845429731074	1.25971518507432	1.22995889555002
ENSMUSG00000003644	1.14198201810502	1.00592770502235	0.998456113662304
ENSMUSG00000034310	0.869441814388801	0.915422408162888	0.983872397451336
ENSMUSG00000027869	1.42452149472709	1.07393887477151	1.02374857474546
ENSMUSG00000036298	0.847228832066169	1.04428922226592	0.988113942224715
ENSMUSG00000030867	1.18435419539312	0.973514401183902	1.05260665901811
ENSMUSG00000048251	1.32704750362484	0.976664918504805	1.00578602665028
ENSMUSG00000042340	1.12316582382674	1.04480723815572	1.01689975291342
ENSMUSG00000031312	1.24606813213138	0.945094821060403	0.938627814401413
ENSMUSG00000101439	0.817842086622485	0.963673389532188	0.902666000362635
ENSMUSG00000068115	0.894280790792371	0.976332031581834	0.978382425512599
ENSMUSG00000057948	1.15936269842704	1.0122372371798	1.00161002546243
ENSMUSG00000027636	1.16292599344977	1.01963909100492	1.01029645186144
ENSMUSG00000032254	1.14917839948603	0.987375712934243	1.07404132585433
ENSMUSG00000025064	1.19672990708687	1.01593534424777	0.984604769076926
ENSMUSG00000010080	1.20221993204462	0.977826838018933	0.967999174924141
ENSMUSG00000034906	0.878086070737068	1.00249056376005	1.04785248429836
ENSMUSG00000019732	0.859957533861998	1.00047754781975	0.991960264383518
ENSMUSG00000067038	1.19082424200927	1.03065032292552	1.04314159716414
ENSMUSG00000024084	1.12275261887662	0.988250750584098	0.970331205582525
ENSMUSG00000026407	0.805860308216002	0.89861050364309	0.853687537883784
ENSMUSG00000095432	1.18210499202663	0.949485335325677	1.0381550012091
ENSMUSG00000004864	1.25148246896439	0.98794958816137	0.983596694056195
ENSMUSG00000029086	1.11923057797525	1.04125558003562	0.933806095167487
ENSMUSG00000040387	1.21942737631454	0.960281332055569	1.01428594643189
ENSMUSG00000103034	0.840914086430013	0.974416908586887	1.07247389961285
ENSMUSG00000096544	0.847227950089538	0.973224829059119	0.954774849884578
ENSMUSG00000050558	1.22669470315443	1.08868832502996	1.04621251166809
ENSMUSG00000056222	1.36585933122636	1.00030549876532	0.941354700946016
ENSMUSG00000032850	0.884610728944785	0.908008014327939	1.02627807403219
ENSMUSG00000042644	0.884098221718958	0.951953834921964	0.969546516238663
ENSMUSG00000030166	1.12733661452157	0.978982922862016	0.998187972072891
ENSMUSG00000003824	1.12090176446314	0.992367852293292	1.04720174805621
ENSMUSG00000051977	0.889869462637152	0.989139356006705	1.02539860854586
ENSMUSG00000041920	1.14844178602178	1.08430407707347	1.03488175011992
ENSMUSG00000102752	0.837075084763783	0.98596405305265	0.956627203795052
ENSMUSG00000073490	0.874041296670572	1.05092747209991	0.985445451399229
ENSMUSG00000030785	1.15636739140261	0.963225146423894	0.944431560637104
ENSMUSG00000028678	1.228439959744	0.98051979746214	1.06516457618929
ENSMUSG00000044927	1.132045731346	1.00935729114069	1.04616285221077
ENSMUSG00000054752	1.18384927592832	0.938158093621533	0.997769192808942
ENSMUSG00000059326	1.23621807252802	1.07250846986584	1.0426247727389
ENSMUSG00000041782	1.21277082560424	1.01658527081372	0.983085897074252
ENSMUSG00000020140	1.1774981366865	0.898666251044567	0.997721870901167
ENSMUSG00000058665	1.14334388051234	1.04098641114605	1.05927280769894
ENSMUSG00000000889	0.826223337252588	1.25031046309816	0.93453580579335
ENSMUSG00000028407	1.14139919931466	1.01098635120461	1.03448502999742
ENSMUSG00000034855	1.12961677090802	1.03337905284398	1.06930918887188
ENSMUSG00000034607	1.18445240119905	1.1693183521944	1.07833407224757
ENSMUSG00000049404	1.24989253505277	1.01488362156933	1.00402235567393
ENSMUSG00000026141	1.13446475494156	0.928090681847871	1.02073068718048
ENSMUSG00000034845	1.14608288028981	0.992658221314168	0.959654969905151
ENSMUSG00000031111	0.852305735358045	0.987140898411976	1.03756844469471
ENSMUSG00000022221	1.13933801987635	0.966354004370129	0.92986942151521
ENSMUSG00000054008	0.865146511074482	1.05972847470308	0.962436640555267
ENSMUSG00000034324	1.1910344262058	0.96111481909903	0.966121531785615
ENSMUSG00000000308	1.26239766192097	1.01056617262443	0.95058264468921
ENSMUSG00000063903	1.2117374612434	0.958471852826273	1.0498251574583
ENSMUSG00000030515	0.858831053756163	0.983824053860685	0.986035969612568
ENSMUSG00000038077	0.888621499528176	1.01833739931397	0.989824833828
ENSMUSG00000039512	0.852958242216725	0.972963670447127	0.940318886568141
ENSMUSG00000046380	0.848516966375135	0.97554454255002	0.947876411420582
ENSMUSG00000057691	1.18565383046994	1.01407770535358	1.11766577196561
ENSMUSG00000040229	1.15215782324175	1.01567465939537	0.944703841718384
ENSMUSG00000073565	1.19705094692662	0.935703889400986	0.995074590210451
ENSMUSG00000031328	0.918209589670006	0.964065926370133	0.96191352262482
ENSMUSG00000034303	0.836714675897097	1.01071078703574	0.802348451910594
ENSMUSG00000045777	1.12520951044356	0.927677297115939	0.967203844128618
ENSMUSG00000036553	0.804678065971155	1.01771474774089	0.938407781452505
ENSMUSG00000073234	1.11297090170302	1.01060597930689	1.04064441055458
ENSMUSG00000022033	1.19885187667038	1.02113528116086	1.18777586836621
ENSMUSG00000030510	1.20388211161206	1.04020169569922	0.994500685814125
ENSMUSG00000047502	0.85508401224772	0.991197636898091	0.847159978567178
ENSMUSG00000030110	1.13525870296639	0.969993267375327	1.01633125734323
ENSMUSG00000051378	1.21018367232597	0.984399595391468	1.18802526982416
ENSMUSG00000051341	0.837093932187541	0.979967392020453	1.00136184485311
ENSMUSG00000028871	1.19717217281748	0.997009800291676	0.97575655831699
ENSMUSG00000038745	1.19847614911078	1.01852263254364	0.980455584037806
ENSMUSG00000036655	1.1903442560144	0.943005026622012	0.942053015306346
ENSMUSG00000001510	1.3661549237335	0.92450443253941	1.01333088353521
ENSMUSG00000037188	1.38084730797036	1.01803270360455	0.965958481485266
ENSMUSG00000032890	0.814608891658088	0.960225892923235	0.953293511579078
ENSMUSG00000052305	1.17263854083544	1.08195059432792	0.951253405918619
ENSMUSG00000067928	0.861310157655879	1.00881518373273	1.04507442062431
ENSMUSG00000002778	1.12529872812155	1.05708058491926	1.13386877921871
ENSMUSG00000042367	1.24546291251981	0.975687594468006	1.04099037294855
ENSMUSG00000078651	0.865441137602339	0.966321348141902	0.95891295976127
ENSMUSG00000063063	1.12424988912669	0.942092247086373	1.13949732488631
ENSMUSG00000039929	0.875758587730135	0.985672282549188	1.0093052858691
ENSMUSG00000026430	1.11097179016845	1.03266138370989	0.97255776199588
ENSMUSG00000039697	1.13995930812848	1.01991006818039	1.12599302120353
ENSMUSG00000047832	1.12861456756817	0.972822198438762	0.99158995090946
ENSMUSG00000049553	0.854126088003314	0.999215197678902	1.00640770458032
ENSMUSG00000000247	1.20990155457349	0.938284468741505	0.943705846317211
ENSMUSG00000025577	1.1511047043799	0.958218072988001	0.996457616361785
ENSMUSG00000035403	0.867797253627475	1.02993132566693	0.940350737750558
ENSMUSG00000029570	1.13658557479423	1.00718551376671	0.980457267444924
ENSMUSG00000052504	0.856190321060126	0.994816692344384	0.989120075696405
ENSMUSG00000041911	1.19233828255533	0.97351951032088	0.984634035141773
ENSMUSG00000091387	0.869049999810786	1.00140792666645	0.993020292123463
ENSMUSG00000032356	0.842187523278558	1.0255041987724	0.941585730991173
ENSMUSG00000048373	1.54616112544221	1.03044941018104	1.1246906800467
ENSMUSG00000024228	0.888426996893225	1.03025273362296	0.936380889829466
ENSMUSG00000000037	0.881156468060193	0.992021637309348	0.935814516791306
ENSMUSG00000058064	0.588488032654173	0.575452246404508	1.07202782115216
ENSMUSG00000031409	1.1121524250131	1.01050151144864	0.998261625098912
ENSMUSG00000030107	0.880216723662976	1.01884758089365	1.03589156814317
ENSMUSG00000031821	1.18853730533422	0.968204284017792	1.11126033190073
ENSMUSG00000029153	1.16607116244917	0.948433147902476	1.00555116008097
ENSMUSG00000040728	1.23971212546916	1.04498865755266	1.07053172483449
ENSMUSG00000037827	0.838452417183089	0.963506207165097	1.05896214478717
ENSMUSG00000028018	1.15629822059132	0.978093023274521	1.02690329429435
ENSMUSG00000034825	0.88445274247578	0.923629315683546	0.894562176725169
ENSMUSG00000041220	1.14604476526242	1.01987731908176	1.05922533979287
ENSMUSG00000070733	0.887369690507803	1.04956308986919	1.00716931309146
ENSMUSG00000045273	1.15742527469028	0.977812477811746	1.03635224336028
ENSMUSG00000036040	0.877022579368935	1.11689781636478	0.966291688478021
ENSMUSG00000010086	1.18006449330936	1.01480224812723	0.993674948172703
ENSMUSG00000022195	0.889282651725797	1.0124767326523	1.03529158969242
ENSMUSG00000026828	0.900600936025599	1.00710422806008	0.97928456809472
ENSMUSG00000054659	0.924380636436521	1.082781513439	0.961019308700844
ENSMUSG00000019359	0.847474460516594	0.951803342652357	0.953777028599076
ENSMUSG00000024827	0.884288710737652	0.953372021416675	1.01243821229566
ENSMUSG00000031297	0.900809646712602	0.946541592826961	1.04969497680557
ENSMUSG00000029314	0.859458408153804	0.904830178075432	1.00405037875625
ENSMUSG00000046634	0.803764432204834	0.940184156893514	1.03235084556346
ENSMUSG00000021032	0.851487599499472	1.02684728683178	0.967983324505969
ENSMUSG00000032528	0.868204435146627	0.887472662207983	1.02002921712917
ENSMUSG00000025216	1.13406172380388	1.01312332833439	1.05375896189301
ENSMUSG00000067206	0.772222309616962	1.01317777386901	1.02857731995751
ENSMUSG00000041012	1.17201567182738	1.04825749048971	0.990119686869423
ENSMUSG00000025330	1.24291129392996	0.996477194556816	1.00096498728362
ENSMUSG00000060735	0.902276562178116	1.04607821003621	1.03167899888314
ENSMUSG00000020914	1.16370698308963	1.00943398921685	1.07389301727041
ENSMUSG00000050919	0.835685337567878	1.00175944086605	0.984106746974888
ENSMUSG00000047040	0.867041064401711	0.999616216212086	0.977988725237346
ENSMUSG00000026764	0.845906636863887	1.03082083583838	0.952742603798553
ENSMUSG00000031891	1.1972397122871	1.052067483564	1.01111110046728
ENSMUSG00000043008	1.14967047750801	1.01029484992294	0.930103253443305
ENSMUSG00000033981	0.815867560406684	1.00102548293865	0.965337530967206
ENSMUSG00000021457	1.15337714750205	1.16233175940251	0.975702776756737
ENSMUSG00000040543	0.879860568917869	0.944078711309481	0.913366005646446
ENSMUSG00000050777	1.15590930451097	0.95893952899453	0.966997802749922
ENSMUSG00000023013	1.14990733228034	0.977857866094056	0.951167146635432
ENSMUSG00000015619	1.24237097561105	1.02732158442358	0.982264158597635
ENSMUSG00000030507	0.836859470469421	0.90228865905631	1.10129186849549
ENSMUSG00000027469	1.17246535354799	0.996085257119765	1.08200928458689
ENSMUSG00000045007	1.12573372741731	0.979328542750383	1.04066776454902
ENSMUSG00000027596	1.26250457200496	0.987854582993862	1.01048777728567
ENSMUSG00000049866	1.15456149041811	0.979440582934908	1.14733892652459
ENSMUSG00000005089	1.1077776416504	0.912295885530111	0.98752874353085
ENSMUSG00000028031	1.14105267131821	0.928047108834837	1.02070991075491
ENSMUSG00000071661	0.887299417604075	0.972867300376554	1.03030238612059
ENSMUSG00000022148	0.906893430549034	1.10213869994012	0.980162479958466
ENSMUSG00000058922	0.652457342604826	0.811641251278946	0.932899781419629
ENSMUSG00000040054	0.586136411031018	1.16845156000057	0.651818840542935
ENSMUSG00000073877	1.19736680715193	1.04696996022127	0.906354953708804
ENSMUSG00000020656	1.1248485310465	1.02554588251455	1.04148942315374
ENSMUSG00000067878	0.889908818006109	0.976975724622437	1.0507980143199
ENSMUSG00000052369	1.17076070109962	1.0114296306394	1.07184631877185
ENSMUSG00000018698	0.856346735400382	0.931437698603247	1.00653379939619
ENSMUSG00000010064	1.17862336854495	1.0878795684341	1.02167330405946
ENSMUSG00000091478	0.824094882225887	1.0303248452131	1.11108129294467
ENSMUSG00000036061	0.880803847887179	0.953992873565664	0.968809933395897
ENSMUSG00000037610	1.22151454332074	0.991321977403242	0.965073592394173
ENSMUSG00000038560	1.18685398268686	0.949037917623985	1.02024220932827
ENSMUSG00000067916	1.15048488548468	1.05483149161871	1.02113462982402
ENSMUSG00000019936	1.20452347694882	0.947787208925222	1.06223767359261
ENSMUSG00000027380	1.22227182493391	1.12493430754646	1.01818093542361
ENSMUSG00000074384	0.854498528484456	0.955512378345535	0.990063712402821
ENSMUSG00000028020	1.14634967362805	1.03123252485025	1.05623463904625
ENSMUSG00000028873	1.24981945433304	0.986643740181784	1.12678893901697
ENSMUSG00000066438	1.16725027366916	1.03930556371722	0.99309317790424
ENSMUSG00000066687	0.865740844102138	0.971888315797098	1.0268226097514
ENSMUSG00000032017	1.16237215638944	1.02775817755227	0.955425172743862
ENSMUSG00000041479	0.825977072204447	1.02003245315028	0.95401790524513
ENSMUSG00000033623	0.881977708840974	0.96646646898316	0.991556153313066
ENSMUSG00000024672	1.19168457532374	1.05742189911594	0.900756341253106
ENSMUSG00000025488	1.12137834810871	1.00572651389734	1.0056819761985
ENSMUSG00000068299	0.86509408491797	1.0344180572073	1.01078164469775
ENSMUSG00000032503	1.19949949113729	0.972878772203126	0.958524548573934
ENSMUSG00000024526	1.20389078010135	1.04640465756969	1.03591500629116
ENSMUSG00000073791	1.13242518147004	1.16627828521631	1.01294751421503
ENSMUSG00000024261	0.891323824388525	0.998958664733803	1.02119811791504
ENSMUSG00000021367	1.15566654310716	1.00180321159188	0.982329713152826
ENSMUSG00000025270	1.18125161481146	1.09538923801779	0.93933329700113
ENSMUSG00000046731	1.1367372547695	1.08715623772769	0.974245667947185
ENSMUSG00000058740	0.821703651166689	0.960960786841557	0.993072465993964
ENSMUSG00000037995	1.18915287321452	1.00886336965793	0.986121046360471
ENSMUSG00000027016	1.12583888740565	0.987176399267439	0.941842099525389
ENSMUSG00000038670	0.838470850730746	1.03302968021026	0.87107968066762
ENSMUSG00000074283	0.85442759958034	0.988380541425395	0.90206804016239
ENSMUSG00000024177	1.12422249937604	0.990009319858955	1.03469362224216
ENSMUSG00000038233	1.17251578023685	1.00480888616204	0.946602194087279
ENSMUSG00000039055	1.12171209386866	1.01262047162402	0.979495938376914
ENSMUSG00000015396	1.1662349132299	1.10946030200424	0.997421097280593
ENSMUSG00000059060	1.13475398245774	0.978430858706117	1.01021369012711
ENSMUSG00000040829	0.907526891298738	1.04086840663749	0.988903248268536
ENSMUSG00000046761	1.22990493562971	0.996080778144116	1.02479744399069
ENSMUSG00000051648	0.822294057981775	1.01141537732066	1.00327581577969
ENSMUSG00000098934	1.22588552908521	1.05493007363151	0.871189289203492
ENSMUSG00000054648	0.743057553669681	1.11005172524253	0.953027573089596
ENSMUSG00000028909	0.875024648787374	0.966602408763212	0.936777239303931
ENSMUSG00000047953	0.904653544909047	0.979142363427433	1.01051336336282
ENSMUSG00000011008	0.896651360618038	0.9073594495146	1.05339070270243
ENSMUSG00000029547	0.88142065645159	1.05448628643713	0.976780983937501
ENSMUSG00000028545	1.13841508810896	0.971540190878595	1.02455404453331
ENSMUSG00000031461	1.15137861109396	0.919470892482705	0.951252869127455
ENSMUSG00000069917	1.14276256983767	1.07168171045861	0.956630555670658
ENSMUSG00000022871	0.835659292065737	0.976317714597642	1.01272299576994
ENSMUSG00000022286	1.15404399710503	1.00633058516794	0.989260271348107
ENSMUSG00000004815	0.850361231420975	1.00970241574305	0.95828546241041
ENSMUSG00000005410	1.14534527442647	0.973791151141184	1.10194068690453
ENSMUSG00000032338	0.869663507280893	0.954403698571831	0.918226058399945
ENSMUSG00000049382	1.28982654813118	0.936724141622169	0.993911117753073
ENSMUSG00000050677	0.915714863804119	0.950729164107253	0.949849015721927
ENSMUSG00000001027	0.871513084672476	0.950096579797818	0.894342032587295
ENSMUSG00000040260	0.879779791582668	0.917483019303745	0.997322949135348
ENSMUSG00000030017	1.08411480101124	0.809141677210548	1.0866684688673
ENSMUSG00000028644	1.14035378812118	0.965390682543911	1.08023326826013
ENSMUSG00000036905	0.899145507595201	1.06052419326924	0.800966393722988
ENSMUSG00000027684	0.866793766952737	1.0161973869704	0.967444433149684
ENSMUSG00000058503	1.17309471814922	1.00987413097764	1.06235569583138
ENSMUSG00000046410	0.882402879652128	0.978547872832432	0.974115579221331
ENSMUSG00000021732	1.1892531606048	0.901642235094841	1.12065809285493
ENSMUSG00000047746	0.900658600288042	0.983382570006372	0.946683177061162
ENSMUSG00000005628	1.15415020498008	1.00894557543093	0.973842572465235
ENSMUSG00000054662	1.23257585877806	1.02874451429668	0.999276314345411
ENSMUSG00000043795	1.0704804260085	1.01959140994295	0.954966562728791
ENSMUSG00000029419	0.862859171403307	0.980067875449594	0.893580040196672
ENSMUSG00000044393	1.14542705884504	0.989938646146988	1.04044583808633
ENSMUSG00000028468	0.863981429449259	1.01175962449116	1.02999541176895
ENSMUSG00000036067	0.90507285055917	0.881758780403235	0.993079447448983
ENSMUSG00000040434	1.26413967246688	1.0152827831333	1.04337181534654
ENSMUSG00000050711	1.07720167586782	0.983271499736037	1.09481019525103
ENSMUSG00000020491	1.16323325093727	0.926013831254007	0.987721946727706
ENSMUSG00000021416	1.17031360049332	0.919828238154803	1.04951366501131
ENSMUSG00000071341	1.15875602566874	1.04038443771205	1.01394344249071
ENSMUSG00000079598	1.14338248056648	0.950213202062164	1.00358240244514
ENSMUSG00000079465	1.17815621380074	1.06095578400573	0.976937273311216
ENSMUSG00000037600	1.27178382256915	1.00146513211001	1.05478429285526
ENSMUSG00000075296	1.31258701716508	1.03403983116871	1.00949471589407
ENSMUSG00000026579	1.15713740649851	0.982723085184213	0.934027344475234
ENSMUSG00000056643	1.07867653639859	0.885947455310921	1.04590749833915
ENSMUSG00000001985	0.84608541814037	1.03159456318158	0.995787351804111
ENSMUSG00000028860	1.14653398961844	0.988970665323633	0.981060435900606
ENSMUSG00000040329	0.874488054477783	1.00749930122312	0.974417967153583
ENSMUSG00000020137	1.10510148250643	0.9793511231467	0.885268886278187
ENSMUSG00000026343	1.05544351074871	1.03442427391585	1.04678713204144
ENSMUSG00000003283	0.927699024684355	1.04789718735164	0.96605147386974
ENSMUSG00000027068	1.187058082734	1.06310221815955	1.00260162422523
ENSMUSG00000040703	1.14950970509575	0.988929658808708	0.986345164146359
ENSMUSG00000051920	1.10308845758272	0.9174719901826	0.995492694510994
ENSMUSG00000043719	0.880640524172695	0.887241445676194	0.967753259668896
ENSMUSG00000047875	1.13856789861939	0.97535052358276	1.02640062881208
ENSMUSG00000028337	0.947243947663047	0.985486873826194	1.02213918823958
ENSMUSG00000016756	1.28691608396729	1.15190875996158	0.887054448537024
ENSMUSG00000010122	0.918336443816338	0.974985501606966	0.977427473868313
ENSMUSG00000049134	0.886325646685292	0.880142259463303	0.882899937745915
ENSMUSG00000104346	0.869528319335594	1.02605570894387	0.973423509759359
ENSMUSG00000049699	0.883118128451014	0.906499441551801	0.98405935312251
ENSMUSG00000009216	0.808245760101852	1.32068504461991	0.894719990553017
ENSMUSG00000028825	1.17357564742626	1.04265073627777	1.00990700612078
ENSMUSG00000027849	1.14704695341755	1.00304674642118	1.03926007462891
ENSMUSG00000029337	1.16554013268339	0.981072347789459	1.04177851160029
ENSMUSG00000035164	0.864613219516471	1.08293961637455	0.982623091561726
ENSMUSG00000029026	1.20612807264949	1.00593451889584	0.991631250640115
ENSMUSG00000062345	1.12769516643113	1.01620662552071	0.942143820451855
ENSMUSG00000047343	1.09709133024515	0.953584310657175	1.02054063577299
ENSMUSG00000040323	0.890631939382436	0.974113053312795	1.03659971842731
ENSMUSG00000030811	0.853570327908309	0.971825066154905	0.971041311856657
ENSMUSG00000054065	1.3044856225812	1.0705717885719	0.950657316196898
ENSMUSG00000059775	1.12761849267502	1.02269119310322	1.02826030855111
ENSMUSG00000000296	1.08800426010906	0.987156516091128	1.064149986848
ENSMUSG00000079355	1.15067915104469	1.04688992761309	0.955046313680071
ENSMUSG00000033902	0.862481325688461	0.95276929465671	0.920490031506236
ENSMUSG00000034171	0.878173877617548	0.930650353884642	0.954082404541826
ENSMUSG00000028236	1.40950006728918	1.00580151247462	1.03097780433738
ENSMUSG00000038763	1.16116366584784	1.01038318906635	0.911885286308397
ENSMUSG00000026090	1.15461773225264	1.0652049425016	0.972870604168213
ENSMUSG00000071036	0.887215818451025	0.969614628675324	1.00088192403253
ENSMUSG00000076498	1.1175592508614	1.022387959641	1.0064724603565
ENSMUSG00000071537	1.15219747816108	0.993432835413884	0.997810530854744
ENSMUSG00000034226	1.18947797437406	1.00497494476487	0.968469102790549
ENSMUSG00000017453	0.850449995928209	1.02199794305647	1.00549584154299
ENSMUSG00000052572	0.942829907155724	0.981350872022951	0.94534057596446
ENSMUSG00000025328	1.18849369529571	0.893946760034946	0.998324306579469
ENSMUSG00000090451	1.15020894580847	1.029042335239	1.021843733339
ENSMUSG00000071047	0.931553835556691	0.986021474595491	1.00476779890524
ENSMUSG00000025481	1.20376506151023	0.995194136551449	1.00037774336239
ENSMUSG00000018927	0.917744162785758	1.02653778923441	0.931167997138472
ENSMUSG00000029735	1.1784657107877	0.928949560380111	1.00957371747993
ENSMUSG00000027220	1.12961344450695	0.886037013985012	0.980700916610284
ENSMUSG00000081683	1.18664917694859	0.995958524515182	1.04107472525277
ENSMUSG00000055415	1.17244181454449	0.986413625619675	0.982399306731849
ENSMUSG00000026959	1.16018292402093	0.948839433861363	1.03066767406766
ENSMUSG00000035864	0.891420855538169	1.01800325153156	1.02100020644544
ENSMUSG00000025927	1.25341311654304	1.00220157747893	1.08251838676287
ENSMUSG00000038020	1.10008470676608	1.00955665030069	1.07260591166921
ENSMUSG00000003309	1.27035509206014	0.987471629479777	1.03350944282011
ENSMUSG00000049882	1.0627285695165	0.962600352661303	1.01283175293783
ENSMUSG00000006345	1.24056686800345	1.07803013362033	1.02397500161725
ENSMUSG00000024234	1.20672670617725	1.07467712899942	0.940782487972286
ENSMUSG00000025001	1.15518876784577	1.00654695909434	1.12682451947693
ENSMUSG00000039473	0.845495960832533	1.09129171697778	1.01234200455512
ENSMUSG00000035020	1.10801261722845	0.99865396894207	1.01433790337998
ENSMUSG00000103897	0.869232700070295	1.01598843391848	0.973146631421515
ENSMUSG00000021287	1.14043157420913	1.01387511450015	1.03357795002735
ENSMUSG00000038637	0.886087371939195	0.996803418083166	0.983059551574694
ENSMUSG00000102422	1.17406256885935	0.878959527351549	0.962747291126254
ENSMUSG00000038193	1.14381424206082	1.00737729632032	1.05625044624941
ENSMUSG00000041954	1.14712204139245	0.973322898495841	1.05278845127126
ENSMUSG00000030707	1.11485007106565	1.04104492571832	1.03694998860659
ENSMUSG00000055301	0.881488940162419	1.02497094066024	0.950420127744412
ENSMUSG00000032278	1.17142360171039	1.03158485326796	0.995029332873473
ENSMUSG00000046593	1.16235602957739	0.964077227762097	1.05183985394846
ENSMUSG00000030393	0.878808552330917	1.03409171942203	1.01002479886202
ENSMUSG00000064294	1.1150234811203	1.01909885778433	1.02092003280185
ENSMUSG00000070713	0.67206394019158	0.644940845688965	1.10015657351323
ENSMUSG00000025885	0.866244756580999	1.08322653822407	1.03062352064413
ENSMUSG00000038473	0.861594233200501	0.990216537235816	0.97992828516949
ENSMUSG00000001151	0.585863079596052	0.810410253082059	1.37986750149989
ENSMUSG00000019464	0.858724146637311	1.04130896858087	0.933455975977895
ENSMUSG00000004892	0.866657586219152	0.952704498849734	0.998162905394676
ENSMUSG00000098754	0.909552498506012	1.05586998981391	1.02176371891632
ENSMUSG00000028786	1.18762294218102	0.984149560857184	0.988543087696402
ENSMUSG00000036923	0.932869562500252	0.984985574293205	0.981969337451756
ENSMUSG00000013483	0.92288220620003	0.977714071431591	0.958848990368264
ENSMUSG00000031870	0.9207715295663	1.08203022885034	1.00434140714209
ENSMUSG00000028373	0.892951212611191	0.949511802795685	1.01357022749609
ENSMUSG00000025150	1.16110512566044	1.02638780224258	1.01481031663526
ENSMUSG00000006411	1.21321012588778	1.01562696436217	0.961668382317225
ENSMUSG00000031554	1.12918051791449	0.963097957314998	1.04269059144427
ENSMUSG00000028238	1.06490070019445	1.00138697650674	0.993268032039484
ENSMUSG00000039179	0.939456055727636	0.921784654781487	1.00409471778854
ENSMUSG00000039813	1.15665208904468	0.942433873258656	0.935919600592452
ENSMUSG00000043463	0.908271995063846	0.96356007652857	1.01487240639477
ENSMUSG00000036151	1.18394771430937	0.935549583517636	0.992720534824267
ENSMUSG00000068252	1.20809966394587	0.939578688988766	1.03739011096961
ENSMUSG00000025359	0.857678399857999	1.06135913874928	0.899632753164912
ENSMUSG00000021364	0.868151467886047	1.02664484860169	0.992218670368038
ENSMUSG00000036826	0.827156650509374	0.950999488111655	0.909883582101516
ENSMUSG00000010342	1.15625210113552	1.07635402923942	1.12722329471438
ENSMUSG00000040055	1.27956177493939	1.01240280303153	1.01104358355642
ENSMUSG00000035498	1.17325153668987	1.05822206228518	1.04999064243382
ENSMUSG00000058447	1.07081803417054	0.919216827456675	0.95112009164223
ENSMUSG00000044641	1.1712309233198	0.967886747064832	0.97013933021092
ENSMUSG00000032845	1.15833870720181	1.0085368247874	0.984930688360077
ENSMUSG00000040429	1.15170867493016	1.0067226624098	1.02391874439206
ENSMUSG00000081406	0.469947356637872	0.900123945353585	1.39406431528864
ENSMUSG00000033276	0.900966915331115	0.940135946991885	0.987160015050118
ENSMUSG00000102440	0.876288884527968	0.923728641649564	1.01254229164127
ENSMUSG00000019808	1.11100366295654	0.984348590623777	0.97301343402013
ENSMUSG00000037279	1.18816813898496	0.989187033108203	0.999875693537696
ENSMUSG00000022997	0.906374348711818	0.940892780593792	0.980807758301402
ENSMUSG00000004552	1.42998205681825	1.01307959775638	1.00179676308247
ENSMUSG00000099032	0.89857131409909	0.951632421204184	0.967818961901475
ENSMUSG00000031380	1.10999105843259	1.01277179424095	1.02068165680217
ENSMUSG00000068101	1.20665347027282	1.0183562437995	1.08833839615548
ENSMUSG00000022546	1.11443041231097	1.11134175420628	1.09037238049862
ENSMUSG00000026018	1.14471774177898	1.00719349022788	0.965975754925601
ENSMUSG00000031574	0.88362984304719	1.03685871934177	0.984042481495348
ENSMUSG00000067786	1.15232660930115	1.03976243476717	0.971698246155085
ENSMUSG00000074004	0.870930503840527	0.984625570181383	1.02681492826832
ENSMUSG00000030921	0.866254857222676	1.04278799278229	0.971589386487562
ENSMUSG00000020930	0.898699221539551	0.950041881253212	1.02132752058945
ENSMUSG00000024989	1.22837312915528	1.06233050092962	1.05179153766932
ENSMUSG00000024873	1.11832253857517	0.996718096692104	0.9925724317051
ENSMUSG00000070691	1.09678352489641	0.964843259960663	0.964792449053902
ENSMUSG00000006777	1.18040183829391	1.0001989880061	1.11042371698661
ENSMUSG00000020399	0.945698210534361	1.07012277967696	0.999880560717736
ENSMUSG00000043670	0.93440067418753	0.97417469368055	1.02127400249636
ENSMUSG00000028555	0.90785356480153	1.02933366688411	1.02776406455214
ENSMUSG00000021118	1.17065593836243	1.05396975983968	1.02682918810642
ENSMUSG00000066704	1.2333657585818	1.03283370773421	0.997537876258064
ENSMUSG00000001865	1.16828622625173	1.00402219411763	0.880639962927016
ENSMUSG00000051067	0.888868464006829	0.999781859646347	0.954432869851651
ENSMUSG00000074505	0.922060304209228	1.20388275918327	0.933268588450369
ENSMUSG00000061894	0.867320551771724	0.981485998838975	1.01230043018047
ENSMUSG00000058260	1.17487783869476	0.993578771463208	0.999237186358426
ENSMUSG00000015112	1.13533955779705	0.907205913591345	0.977549214050626
ENSMUSG00000038663	0.927876155796936	1.0028663685274	0.957689433509027
ENSMUSG00000001247	1.21650028759202	0.9587293194184	0.996036297577121
ENSMUSG00000026725	1.15254441439028	0.746527411439137	1.16520828684978
ENSMUSG00000044139	0.889218011963034	1.01419638712826	0.994038431570593
ENSMUSG00000090559	0.909777474903479	0.975459997996019	0.914204702116692
ENSMUSG00000020090	1.13077144157258	0.995541348346154	1.02989533278797
ENSMUSG00000038522	0.941362422570443	1.02636629286506	0.973195556958254
ENSMUSG00000033182	0.919618398103189	0.931901365407248	1.0246086424179
ENSMUSG00000048899	0.929751975846238	1.11114566746436	1.00090458065186
ENSMUSG00000072692	1.13541293867975	1.06162249070501	1.02459756509762
ENSMUSG00000046591	0.95567882850898	1.07972942325718	1.06641468221477
ENSMUSG00000046908	0.917918549058097	0.984582448099626	0.990161755664824
ENSMUSG00000027983	0.902264506384511	0.997974985779852	0.964222520181411
ENSMUSG00000042190	0.900229695247284	1.04767268979599	1.03720681064146
ENSMUSG00000061322	0.903340316274734	0.960383052024842	0.992522410547829
ENSMUSG00000030518	0.942914539006123	0.909307617789839	1.00843608103402
ENSMUSG00000033458	1.12508227043729	0.846740138442273	0.976038771118784
ENSMUSG00000094005	1.05745526344568	0.988211794774057	1.0162969334366
ENSMUSG00000095680	1.05745526344568	0.988211794774057	1.0162969334366
ENSMUSG00000096363	1.05745526344568	0.988211794774057	1.0162969334366
ENSMUSG00000027360	1.20804582052971	0.997249145603379	0.895585203634084
ENSMUSG00000058173	1.12867209114717	1.03910363544577	1.04512961407762
ENSMUSG00000044576	0.929774777421767	0.968622749205032	0.972728138908624
ENSMUSG00000054889	1.21901949233886	1.01316574710161	1.06775995707289
ENSMUSG00000043165	1.11285527413133	0.993746165612277	1.02811124211034
ENSMUSG00000005583	1.37369021712018	0.918751109218984	0.643709415901686
ENSMUSG00000017737	0.858436078559363	0.786463377542528	0.955644615472299
ENSMUSG00000026692	0.929173875183215	0.986173183181388	1.00387768746248
ENSMUSG00000079038	0.92166172138837	0.995594388635022	1.0370887939839
ENSMUSG00000049985	0.929470282673518	1.03692212415275	1.01330104467086
ENSMUSG00000084350	0.902063778916368	1.03840611288752	0.987395211683016
ENSMUSG00000045349	1.09502683705035	0.982705224616861	0.977194258955048
ENSMUSG00000096795	0.919728598607118	0.96887403888271	1.00893175461726
ENSMUSG00000008601	1.23183523735301	0.984381142021089	1.01558447926916
ENSMUSG00000058498	0.831506761565489	1.03739738912962	0.97779225792492
ENSMUSG00000022123	1.1618318801912	0.955656818323017	0.968444565399602
ENSMUSG00000079278	1.07842245606615	1.0239661723354	1.04734771470014
ENSMUSG00000053461	0.890498273163626	0.978254366804453	0.973168026768156
ENSMUSG00000025665	1.1500348848677	1.07127982793525	1.04649605839708
ENSMUSG00000044201	1.11088017679553	0.919085697812859	1.13536529675931
ENSMUSG00000056888	1.05593429222585	1.02660216665792	1.02144215216519
ENSMUSG00000068617	1.11716881676207	1.03624518986418	1.01514328803198
ENSMUSG00000049892	0.951405934754952	0.87543735786289	0.98431863408515
ENSMUSG00000073125	0.954612108206421	0.715465197549137	1.01154361276329
ENSMUSG00000033715	0.932164002647955	1.3193537552834	0.977378007769125
ENSMUSG00000038332	1.06521100857547	1.1643527572481	1.00409270848186
ENSMUSG00000094065	0.998190524913573	1.25787680011685	0.995418439221922
ENSMUSG00000032373	0.950850830828461	1.12896940415361	1.01194788943733
ENSMUSG00000043613	1.07398013917635	0.858485374303162	0.989603363634572
ENSMUSG00000050578	0.932967699448888	0.809627198382545	1.02471202615987
ENSMUSG00000009185	1.03822640229696	0.773665111723429	0.872820678714586
ENSMUSG00000059436	1.01524717182133	1.12825050236348	0.914139285453562
ENSMUSG00000024987	0.979339383210215	0.797999283680636	0.977640657808765
ENSMUSG00000015354	0.989479850701062	0.890964599264196	0.966126911657405
ENSMUSG00000032500	1.03030027563844	1.14728786564436	1.02268828230299
ENSMUSG00000042595	1.08848236313606	1.16950239109942	0.998882162461055
ENSMUSG00000037816	0.98204992093603	1.11184710687294	1.01927346056838
ENSMUSG00000025510	0.943178532570502	0.84533753580616	0.974873188964051
ENSMUSG00000037490	0.992007262590876	1.14436644505928	1.04550307865876
ENSMUSG00000051159	1.04786188877136	0.842411488848329	1.03888764069992
ENSMUSG00000001020	1.06904109495712	0.897846273524713	1.0147853416658
ENSMUSG00000024924	0.953837150156084	1.11024277132656	1.00359033928584
ENSMUSG00000031613	1.02166849396409	0.861986038686916	0.969304674712575
ENSMUSG00000004945	0.994982972731989	0.889847827482318	0.964129953901502
ENSMUSG00000026697	1.01193520204161	0.886849531421298	0.981226245040617
ENSMUSG00000061578	0.937198809694658	1.21944998732917	1.05015514186384
ENSMUSG00000026840	0.982160675851501	0.863307671748574	0.991730592602138
ENSMUSG00000022129	0.853465417804644	1.30911928722861	0.929581343050817
ENSMUSG00000004371	0.917796214656941	0.772522011381614	1.01234178454076
ENSMUSG00000086605	0.96298288855869	0.818847009334879	1.07320822093928
ENSMUSG00000029298	0.938153198013225	1.15063002316378	0.959841224331
ENSMUSG00000034926	1.01755248674187	1.1495844696753	1.15672983072276
ENSMUSG00000024803	0.927490296529955	0.798882940883434	1.18480222345105
ENSMUSG00000025185	0.917296550102371	0.862624486709189	0.95692557538553
ENSMUSG00000059237	0.854210376441921	0.801837954843811	0.92507712020362
ENSMUSG00000094800	0.932254962742962	0.770796343411095	0.978066878525605
ENSMUSG00000041193	1.06293149729811	0.864763211373042	1.02345139431442
ENSMUSG00000020220	0.967521810686812	0.866042170135339	1.01017361684653
ENSMUSG00000052276	1.01451545540809	0.819888952352868	1.02253490226186
ENSMUSG00000036381	1.11174459811157	1.160694530837	1.01313786652835
ENSMUSG00000046808	0.923221102183285	0.874786259021276	0.956599162598364
ENSMUSG00000017491	0.997906764950649	0.86057300856775	0.963280121524845
ENSMUSG00000030579	1.00447500133821	1.22228625527951	0.958230658504845
ENSMUSG00000043531	1.03478037647234	0.87939048627769	0.917105479951763
ENSMUSG00000093909	1.0208052437597	1.13704527015399	1.08337092515078
ENSMUSG00000042873	1.03085344958414	1.13300690745527	0.952690235635184
ENSMUSG00000094651	1.13146070187725	0.843553257303606	1.0811872924343
ENSMUSG00000050069	1.06724042774658	0.870601694329519	1.01755174370207
ENSMUSG00000015709	0.946843377380167	1.46305956029799	1.09679985994595
ENSMUSG00000015377	1.04106766364414	0.924908910009132	0.98351860315919
ENSMUSG00000030827	1.12633885086026	0.843280595403398	0.946820148946457
ENSMUSG00000036523	0.855172580573977	1.3836325852029	0.962867137396242
ENSMUSG00000050243	0.905539168258414	0.904248313850192	0.956545941582326
ENSMUSG00000021750	0.951693301199843	1.17169716250024	0.988894763520238
ENSMUSG00000005237	1.10580702422809	1.18449725579844	0.912844120353864
ENSMUSG00000029306	1.01797245777727	0.818260851155967	0.993372121192971
ENSMUSG00000023945	1.00201611048044	0.785569255677119	0.968470172519128
ENSMUSG00000020402	0.946807648052945	1.01695420990532	0.851951435399082
ENSMUSG00000022508	1.06762767854607	1.02561004402892	1.1168216615981
ENSMUSG00000024735	1.06211850382981	1.03726187099035	1.20089732101263
ENSMUSG00000045382	1.07799044055061	1.05871787930364	1.1271775911808
ENSMUSG00000031808	0.97298934773571	0.958732841267655	0.885286754589332
ENSMUSG00000022790	0.939090440629155	1.10574501398597	1.14989435377682
ENSMUSG00000021051	1.02718869005595	1.03868404134444	1.12943070319201
ENSMUSG00000052139	1.01358796474299	0.996658597932898	1.252334857379
ENSMUSG00000069014	0.967963453996027	1.0219334827799	1.13276812461102
ENSMUSG00000036896	1.10351910965464	1.07546748120496	0.818565099307526
