1747.8318448236
1739.8675373018
1753.1505009288
1739.9576905326
1755.9403738140
1756.1952297344
1710.0751107079
1732.8947711035
1720.1532541777
1722.2847672179
1721.9968367599
1757.6767688820
1713.5651749335
1761.1934899725
1736.7711577594
1762.9835116339
1751.3554325992
1694.3462697185
1678.6010246028
1718.6563623551
1723.2703377122
1751.5061370576
1740.7876989024
1747.4398619346
1745.6378726968
1737.4934541270
1717.3198173384
1684.6523491133
1703.9250291527
1726.6644166171
1720.6920033794
1704.1879071893
1709.1015178923
1760.7683541947
1696.2633261789
1721.0978428836
1741.4842133986
1704.5963575316
1723.4128727251
1683.7860257228
1719.2413490333
1744.8657885609
1720.1761931115
1744.1609168180
1686.0325088341
1710.9703361189
1713.5423401513
1729.9053678925
1690.2030455725
1723.6046459131
1711.1456331964
1722.5852190952
1690.0262248250
1703.3667782966
1699.9266959429
1725.4436676278
1664.3962983798
1659.7566469025
1687.1897090692
1730.4564768089
1739.4690344783
1749.8341324831
1724.7606909064
1659.4626725983
1724.4187349001
1714.4428242550
1687.8923859503
1659.8477834653
1689.1906138903
1728.2661369024
1721.0847928191
1757.4198726483
1748.3207323072
1756.2515042062
1727.6920844280
1707.5733408879
1721.2941135813
1714.8775093167
1721.2754684577
1674.8695227256
1714.6973990354
1690.3346551335
1687.7913889368
1684.6644571116
1737.2013917200
1705.0114388304
1735.5165596073
1691.7181079713
1725.9726846596
1691.4701472940
1701.6914890161
1685.2587985471
1677.6011422692
1695.4036758909
1718.3322963763
1728.6041170777
1733.0124860098
1741.0825710357
1709.2355594758
1731.7555047859
1677.0964523734
1686.5121783393
1732.6015435383
1695.2755732193
1692.0001697657
1662.5926724083
1681.5628371306
1683.0022158868
1723.4355856819
1680.0648474617
1668.8536814380
1704.4907162822
1709.1129249857
1721.0631737354
1758.8488765049
1752.4886169671
1694.5202457493
1748.2605090140
1731.4288770094
1725.5510186492
1700.3712149566
1703.5656372337
1701.1746196909
1704.2911648938
1724.9821824115
1737.5564279509
1713.4906624986
1709.7518086699
1718.2092919083
1713.0805077073
1722.8792138768
1710.1191372959
1731.5966564762
1708.8857986746
1749.9974648129
1757.0958709050
1742.6120909589
1713.8020377014
1777.1896159935
1767.2645763946
1755.7376239121
1752.7741468584
1743.9670619229
1752.2461481303
1755.2923513627
1714.5403135514
1726.4894277280
1743.2967516456
1704.2064304767
1740.7032427509
1724.2447758620
1712.9649959277
1743.7543232829
1746.1963219790
1729.3193397676
1718.1779834012
1716.5213481981
1690.9334712897
1694.7969284007
1712.6652850525
1700.6738604011
1703.7927518105
1714.5619247827
1700.5222055162
1710.3784885553
1678.5127695994
1679.2109135770
1674.8981072156
1753.3330616965
1696.7054214337
1730.2076165401
1710.5267789792
1708.1726913491
1706.0613374424
