d0	d7	d21
ENSMUSG00000020889	-1.14149720174018	0.41995701020766	0.721540191532519
ENSMUSG00000002289	1.14933218647671	-0.47835075776941	-0.670981428707302
ENSMUSG00000022425	-1.12329327502181	0.79329111449683	0.33000216052498
ENSMUSG00000003038	-0.908536470130363	1.07145630351134	-0.162919833380974
ENSMUSG00000032291	-0.81622722576184	1.1154535855559	-0.299226359794065
ENSMUSG00000030074	-0.96121524645731	1.03472758991774	-0.0735123434604269
ENSMUSG00000041828	1.10785792039324	-0.835865338066665	-0.271992582326571
ENSMUSG00000046352	-1.14095194977597	0.724331381769936	0.416620568006033
ENSMUSG00000068747	1.09159239468534	-0.219729435928922	-0.871862958756415
ENSMUSG00000034648	-0.876500691334334	1.089257184009	-0.212756492674664
ENSMUSG00000025092	1.08235854538203	-0.889568400576598	-0.192790144805428
ENSMUSG00000006342	0.910737105670034	0.15938216352636	-1.07011926919639
ENSMUSG00000027993	1.1275972655951	-0.779189684066721	-0.34840758152838
ENSMUSG00000058914	-0.938449298983361	1.05187779238909	-0.113428493405728
ENSMUSG00000024900	1.15381044902513	-0.537648558959714	-0.616161890065412
ENSMUSG00000020592	-0.948278388371631	1.04473193302016	-0.0964535446485277
ENSMUSG00000020218	-1.15331220110099	0.625678800330298	0.527633400770688
ENSMUSG00000066113	1.15348281952244	-0.530828026092367	-0.622654793430072
ENSMUSG00000018819	-1.15048463989601	0.489867733433521	0.660616906462484
ENSMUSG00000035385	-1.06134052385249	0.924582967130573	0.136757556721916
ENSMUSG00000039883	-0.808853802465987	1.11809113928702	-0.309237336821034
ENSMUSG00000020357	0.900996524340141	-1.0759212768931	0.174924752552957
ENSMUSG00000030659	-1.09891967856078	0.24240665975948	0.856513018801302
ENSMUSG00000030732	-0.0817920412089537	-0.9565920978692	1.03838413907815
ENSMUSG00000017631	1.15091881603696	-0.494592794579657	-0.656326021457302
ENSMUSG00000032013	-1.09417410701431	0.866598035563443	0.22757607145087
ENSMUSG00000027875	1.10497607143218	-0.842782560589921	-0.262193510842264
ENSMUSG00000037138	0.465125005275399	-1.14784609098651	0.682721085711108
ENSMUSG00000052296	1.10486158418056	-0.261809630005485	-0.843051954175075
ENSMUSG00000037820	0.964798951484843	0.0670295346040569	-1.0318284860889
ENSMUSG00000037318	-0.78524289805968	1.12579618487739	-0.340553286817711
ENSMUSG00000025324	1.1404201691644	-0.726994581016907	-0.413425588147491
ENSMUSG00000024538	-1.14083571350406	0.724918361913852	0.415917351590211
ENSMUSG00000035373	-1.12937411423959	0.772979117852193	0.356394996387402
ENSMUSG00000059824	-1.13288510151411	0.372978057695603	0.759907043818507
ENSMUSG00000024049	1.11964759180102	-0.315299865311651	-0.804347726489373
ENSMUSG00000005611	1.13137481017423	-0.365704207849379	-0.765670602324846
ENSMUSG00000016128	1.11601361546574	-0.814687947615241	-0.301325667850501
ENSMUSG00000051339	1.15200373160528	-0.644306710254816	-0.507697021350462
ENSMUSG00000021823	1.15305802709435	-0.52321025873276	-0.629847768361593
ENSMUSG00000003660	1.15145436901453	-0.650657999650436	-0.500796369364089
ENSMUSG00000035199	-0.787254545671284	1.12518226751473	-0.337927721843449
ENSMUSG00000038250	1.11767229461846	-0.810046181706206	-0.307626112912255
ENSMUSG00000027107	-0.736115842571243	1.13851239738186	-0.402396554810612
ENSMUSG00000032262	-1.15167561091302	0.503502023017325	0.648173587895696
ENSMUSG00000037443	-0.795004377815158	-0.327739859956833	1.12274423777199
ENSMUSG00000034161	-0.995597499821731	-0.0087476090352235	1.00434510885695
ENSMUSG00000049516	1.15187561266912	-0.645844384734602	-0.506031227934521
ENSMUSG00000029380	-1.00284230278907	0.997133252116852	0.0057090506722209
ENSMUSG00000025930	-1.05394660067722	0.935504109691704	0.11844249098552
ENSMUSG00000023169	-1.15148995459964	0.650264527366181	0.501225427233456
ENSMUSG00000040152	0.835810585309351	-1.10788029155944	0.272069706250089
ENSMUSG00000041347	-1.02829978467241	0.969067098684799	0.0592326859876084
ENSMUSG00000038170	1.15316484551676	-0.628139471725887	-0.525025373790869
ENSMUSG00000038550	-1.13151277088263	0.36635945217219	0.765153318710442
ENSMUSG00000027208	-1.10215483547626	0.849307260271077	0.252847575205181
ENSMUSG00000032518	-1.10596683538362	0.840434316583531	0.265532518800087
ENSMUSG00000042988	-1.13519403961081	0.38456459283122	0.750629446779594
ENSMUSG00000037709	1.15308226417687	-0.523616950181164	-0.629465313995707
ENSMUSG00000047281	-1.11324510906871	0.291077840124617	0.822167268944092
ENSMUSG00000054641	0.713538319776498	-1.14299260119352	0.42945428141702
ENSMUSG00000026278	-0.617885505163152	1.15372859933918	-0.535843094176025
ENSMUSG00000083405	1.10433381119096	-0.26004514143652	-0.844288669754437
ENSMUSG00000040433	1.11467643684169	-0.818340767953291	-0.296335668888398
ENSMUSG00000022324	1.10234058063714	-0.253455774027489	-0.84888480660965
ENSMUSG00000049517	-1.05855426834086	0.92877324896131	0.129781019379552
ENSMUSG00000060572	-1.10608290056207	0.265925684755783	0.840157215806286
ENSMUSG00000038602	1.04021471815602	-0.954232922825056	-0.0859817953309676
ENSMUSG00000004508	1.11636731741338	-0.813708627072687	-0.302658690340691
ENSMUSG00000039523	1.08627769394606	-0.882256199413775	-0.204021494532286
ENSMUSG00000040952	-1.08044194772505	0.893043731344354	0.18739821638069
ENSMUSG00000061397	-0.640059245628503	-0.512282290811947	1.15234153644045
ENSMUSG00000021775	-1.07308958598496	0.167276522844638	0.905813063140318
ENSMUSG00000054675	-1.14604205105102	0.450788816525255	0.695253234525763
ENSMUSG00000029313	1.13639807042276	-0.745539298982958	-0.390858771439801
ENSMUSG00000034354	1.08467755398275	-0.885276020396783	-0.199401533585966
ENSMUSG00000045128	-1.1529613928259	0.631344345487057	0.521617047338839
ENSMUSG00000059291	-1.04512009336148	0.947757639382147	0.0973624539793309
ENSMUSG00000020788	1.15465567278948	-0.568512623901114	-0.586143048888365
ENSMUSG00000019820	1.15394729994876	-0.613087659800537	-0.540859640148224
ENSMUSG00000031519	-1.15427151724977	0.549878679738351	0.604392837511424
ENSMUSG00000073557	1.14433045750418	-0.438445921914221	-0.705884535589961
ENSMUSG00000058325	1.13859395048437	-0.735738742657372	-0.402855207827002
ENSMUSG00000021375	1.12902592387957	-0.354809963854602	-0.774215960024968
ENSMUSG00000027533	-1.15218057626922	0.642120127987157	0.51006044828206
ENSMUSG00000042436	-1.11354857069093	0.292185575204365	0.821362995486569
ENSMUSG00000023232	-0.771137928822443	1.12988725724606	-0.358749328423622
ENSMUSG00000078937	1.14702872435145	-0.458432525491915	-0.688596198859532
ENSMUSG00000019966	1.05929416848931	-0.131624599385556	-0.927669569103751
ENSMUSG00000058230	1.15155443671423	-0.649545670034173	-0.502008766680057
ENSMUSG00000034731	1.15373034471524	-0.535880800184249	-0.617849544530988
ENSMUSG00000033792	1.10228606481526	-0.849008897329353	-0.253277167485907
ENSMUSG00000068220	-0.891651148661858	1.08121417339255	-0.189563024730694
ENSMUSG00000079523	-0.854663364766146	1.09976227336995	-0.245098908603801
ENSMUSG00000027239	-1.01432217315134	0.985034392787842	0.029287780363503
ENSMUSG00000030098	1.01389243469564	-0.0283894305918309	-0.985503004103806
ENSMUSG00000039959	1.15351186502512	-0.622118724916743	-0.531393140108375
ENSMUSG00000022801	1.14209533076508	-0.718403328943383	-0.423692001821694
ENSMUSG00000027996	-1.02493958077891	0.973039157384879	0.0519004233940294
ENSMUSG00000031385	1.132396858644	-0.76179499345313	-0.370601865190868
ENSMUSG00000020458	-0.773535213472183	1.1292179115639	-0.35568269809172
ENSMUSG00000008683	-1.01405474951597	0.985326155582352	0.0287285939336187
ENSMUSG00000019907	1.06876342890846	-0.155820557214247	-0.912942871694212
ENSMUSG00000040648	1.15015142232798	-0.663753663822451	-0.486397758505528
ENSMUSG00000090035	1.15469131652412	-0.573349077492715	-0.581342239031405
ENSMUSG00000030064	1.11529560863502	-0.816658960485703	-0.298636648149314
ENSMUSG00000029174	1.1388752420597	-0.734429703468973	-0.404445538590725
ENSMUSG00000006058	-1.11065375214269	0.828888902197996	0.281764849944697
ENSMUSG00000033306	1.1515845735279	-0.502377523198102	-0.649207050329795
ENSMUSG00000000538	0.900399776893636	-1.07626712231824	0.175867345424607
ENSMUSG00000042129	1.15412161784649	-0.608722590530448	-0.545399027316047
ENSMUSG00000060548	-1.06832182506117	0.154666039609394	0.913655785451779
ENSMUSG00000053469	1.15345766134734	-0.623113824037382	-0.530343837309953
ENSMUSG00000037805	-0.993600557412917	1.00627888398008	-0.0126783265671649
ENSMUSG00000020814	-1.13524040701124	0.384803591249733	0.750436815761505
ENSMUSG00000027716	1.10472810015773	-0.261362557743468	-0.843365542414258
ENSMUSG00000024048	-1.08823589333403	0.878493454658572	0.209742438675461
ENSMUSG00000000567	-0.886974775278326	1.08376608556294	-0.196791310284618
ENSMUSG00000074129	-1.06891800915331	0.912692685362485	0.156225323790822
ENSMUSG00000036777	-0.663688719010465	1.1501584576324	-0.486469738621939
ENSMUSG00000027784	1.14530835748995	-0.445368772284732	-0.699939585205221
ENSMUSG00000027177	1.13175490043288	-0.76424109106228	-0.367513809370603
ENSMUSG00000025213	-1.11383582850275	0.293237595763846	0.820598232738909
ENSMUSG00000042607	1.12232335121684	-0.32601763148853	-0.796305719728307
ENSMUSG00000021994	-0.943556674784535	-0.104655180979248	1.04821185576378
ENSMUSG00000045573	0.186189781399895	0.893819504765381	-1.08000928616528
ENSMUSG00000051910	1.10114875673011	-0.851578633590465	-0.249570123139642
ENSMUSG00000073700	1.06923103189478	-0.912185046398298	-0.157045985496482
ENSMUSG00000049641	-0.905368619571552	1.07335390548169	-0.167985285910136
ENSMUSG00000021273	-1.15413226818875	0.608435396822676	0.545696871366074
ENSMUSG00000030306	1.09598958300748	-0.862804456943542	-0.233185126063936
ENSMUSG00000001131	-1.06211929979692	0.138724404541677	0.923394895255247
ENSMUSG00000001403	-0.788431020194827	1.12481964011305	-0.336388619918225
ENSMUSG00000028583	-0.830683898255056	1.10994485430777	-0.279260956052718
ENSMUSG00000096951	-0.830683898255056	1.10994485430777	-0.279260956052718
ENSMUSG00000025241	1.14939752039695	-0.67042757027678	-0.478969950120169
ENSMUSG00000037486	1.14774213486151	-0.68348855644443	-0.464253578417077
ENSMUSG00000033453	1.15100709035522	-0.495584783525459	-0.655422306829758
ENSMUSG00000001025	-1.14547694310154	0.698880968818966	0.446595974282579
ENSMUSG00000030084	1.15435979673354	-0.601471764576846	-0.552888032156699
ENSMUSG00000022510	-0.982588675178212	1.01654629766031	-0.0339576224821003
ENSMUSG00000039470	1.13701594612004	-0.394163332472561	-0.742852613647475
ENSMUSG00000026077	1.15429363638996	-0.550601559819338	-0.603692076570623
ENSMUSG00000031273	1.07497201586903	-0.172347166089598	-0.902624849779436
ENSMUSG00000020649	-1.1105509341285	0.829150378346285	0.28140055578221
ENSMUSG00000050315	1.12632831041743	-0.342849827794073	-0.783478482623355
ENSMUSG00000024378	-0.837003881424551	1.10739117481321	-0.270387293388663
ENSMUSG00000032218	-0.72196785056001	1.14141445842714	-0.419446607867129
ENSMUSG00000024678	-1.15272678553255	0.517919244754231	0.634807540778314
ENSMUSG00000043940	1.11608620349273	-0.814487422759497	-0.301598780733235
ENSMUSG00000071856	1.11167141822382	-0.826279776209316	-0.285391642014501
ENSMUSG00000005952	1.06009068492783	-0.133616528176984	-0.926474156750842
ENSMUSG00000079020	1.09496489351381	-0.230009752688247	-0.864955140825566
ENSMUSG00000022676	-1.15369570995284	0.618557046137481	0.535138663815359
ENSMUSG00000047675	-1.01838970200932	0.98053529180199	0.0378544102073346
ENSMUSG00000025511	-1.08075422554595	0.188272401112614	0.892481824433338
ENSMUSG00000063511	-1.15405341513471	0.610501119615038	0.54355229551967
ENSMUSG00000022840	0.859067859634574	0.238673979000885	-1.09774183863546
ENSMUSG00000062997	-1.06537980050792	0.918337939925205	0.147041860582718
ENSMUSG00000036270	1.14065850598589	-0.725807963887818	-0.414850542098071
ENSMUSG00000051118	-1.03821520680233	0.95680828682912	0.0814069199732077
ENSMUSG00000022371	-1.15449555165597	0.596089641577895	0.558405910078072
ENSMUSG00000031962	-0.672254472323171	1.14918039760376	-0.476925925280593
ENSMUSG00000070738	1.15449503009351	-0.596113333795026	-0.558381696298482
ENSMUSG00000029708	1.15468958460494	-0.572989060026548	-0.581700524578389
ENSMUSG00000022893	1.15421121469434	-0.60621495129984	-0.547996263394504
ENSMUSG00000024251	1.15096664185958	-0.655837798059928	-0.495128843799654
ENSMUSG00000033396	1.14434305570305	-0.705809951024473	-0.438533104678579
ENSMUSG00000073940	-0.828377589831526	-0.282476782315296	1.11085437214682
ENSMUSG00000032289	1.15185006956767	-0.505703507260516	-0.646146562307158
ENSMUSG00000030717	-1.14962499396845	0.481154716035236	0.66847027793321
ENSMUSG00000032198	1.14664168642783	-0.691259947032184	-0.455381739395647
ENSMUSG00000001506	-1.14437255102871	0.705635135902987	0.438737415125728
ENSMUSG00000040212	-1.10474226050635	0.843332301869739	0.261409958636616
ENSMUSG00000017716	-0.631566114914929	1.152946829887	-0.521380714972068
ENSMUSG00000043456	1.08341550883897	-0.195791396891549	-0.887624111947422
ENSMUSG00000027933	1.15414551183845	-0.546071092619249	-0.608074419219204
ENSMUSG00000030432	-1.00809956154825	0.991698686755331	0.0164008747929209
ENSMUSG00000060636	-0.928157981992642	1.05896727491819	-0.130809292925552
ENSMUSG00000054717	-1.09101501151292	0.87302038106078	0.217994630452136
ENSMUSG00000078886	-1.01600930129464	0.983182327692534	0.0328269736021034
ENSMUSG00000069515	1.14836167475059	-0.469542899833416	-0.678818774917173
ENSMUSG00000020196	1.15457068111496	-0.562288449802846	-0.592282231312112
ENSMUSG00000027985	-0.940023554611599	-0.110734972647681	1.05075852725928
ENSMUSG00000036745	1.13975545844209	-0.409509025249223	-0.730246433192864
ENSMUSG00000028234	-0.995065528563058	1.00486248487667	-0.0097969563136092
ENSMUSG00000023977	1.13039725076201	-0.769285718560039	-0.361111532201971
ENSMUSG00000018604	1.14156276827576	-0.420362520410817	-0.721200247864941
ENSMUSG00000039232	-1.13674823507041	0.392725071001403	0.744023164069006
ENSMUSG00000061048	-1.00187906729222	0.998110279860381	0.00376878743183717
ENSMUSG00000067288	-1.11370690728397	0.820941873495973	0.292765033788
ENSMUSG00000071415	-1.08443586463174	0.885727963647288	0.198707900984448
ENSMUSG00000079641	-0.864581998311971	1.09514352886841	-0.230561530556439
ENSMUSG00000032548	1.01310095746168	-0.986362772750778	-0.0267381847108978
ENSMUSG00000069919	-0.762986650578303	-0.369098793160994	1.1320854437393
ENSMUSG00000042046	1.15383179057604	-0.615699258887217	-0.538132531688822
ENSMUSG00000061477	-0.985938857206446	1.01349169266869	-0.0275528354622397
ENSMUSG00000019731	0.853961707052263	-1.10007969631691	0.246117989264649
ENSMUSG00000040204	-0.947303143938992	1.04545797724359	-0.0981548333045939
ENSMUSG00000034055	1.07560295664616	-0.901544120503692	-0.174058836142465
ENSMUSG00000020953	-1.13326493702716	0.374843686572028	0.75842125045513
ENSMUSG00000024978	1.14995653371046	-0.665531996388956	-0.484424537321504
ENSMUSG00000015750	1.14718487598085	-0.687500933023086	-0.459683942957762
ENSMUSG00000041431	-0.599526394610659	1.15441287794873	-0.554886483338067
ENSMUSG00000047786	-0.765972713986275	1.1312940150265	-0.365321301040224
ENSMUSG00000040506	1.09332499194739	-0.868346108374816	-0.224978883572571
ENSMUSG00000050505	1.05026549405796	-0.940712816321762	-0.109552677736197
ENSMUSG00000024201	1.15027886123064	-0.662568865329571	-0.487709995901071
ENSMUSG00000094777	-0.771089156267471	1.12990076626885	-0.35881161000138
ENSMUSG00000022483	-1.13657103719048	0.391778555376178	0.744792481814303
ENSMUSG00000024521	-0.792887110630684	1.12342190598804	-0.330534795357355
ENSMUSG00000028150	1.12922532371091	-0.355716452656963	-0.773508871053943
ENSMUSG00000025574	-1.04274193726816	0.950925318160059	0.0918166191080984
ENSMUSG00000056851	-1.08694301600414	0.880986189119595	0.205956826884547
ENSMUSG00000020583	-1.11628830567489	0.302360427866302	0.813927877808588
ENSMUSG00000079435	-0.766781992249464	1.13107678057664	-0.36429478832717
ENSMUSG00000025140	-1.09961223277617	0.24461813637124	0.854994096404926
ENSMUSG00000048232	1.15298831894435	-0.630931759377184	-0.522056559567162
ENSMUSG00000041528	1.13482846212165	-0.752139083663175	-0.382689378458474
ENSMUSG00000104063	0.904049818603138	-1.07413458139543	0.170084762792287
ENSMUSG00000037415	1.12579487312364	-0.785247223466153	-0.340547649657483
ENSMUSG00000024163	1.03189084381901	-0.964722610313588	-0.0671682335054171
ENSMUSG00000004677	1.1527436242457	-0.634566335668182	-0.518177288577517
ENSMUSG00000027678	0.933744364913329	-1.05516725786054	0.121422892947212
ENSMUSG00000017724	-1.139885816712	0.729615209160227	0.410270607551771
ENSMUSG00000002831	1.12043023416543	-0.318394795819192	-0.802035438346241
ENSMUSG00000052934	1.11144951461547	-0.826852001135759	-0.284597513479708
ENSMUSG00000046330	-0.990050690174466	1.00966086967118	-0.0196101794967157
ENSMUSG00000039787	-0.941111475216669	-0.108868022183778	1.04997949740045
ENSMUSG00000007817	1.14909104989056	-0.672995102374853	-0.476095947515705
ENSMUSG00000045790	1.10829147246533	-0.834801235101785	-0.273490237363543
ENSMUSG00000058558	-1.02505017142037	0.972909826501299	0.0521403449190726
ENSMUSG00000031239	-0.657768308861621	1.15077565511262	-0.493007346250997
ENSMUSG00000027715	-0.47510811450346	1.14898381847841	-0.673875703974952
ENSMUSG00000025290	-0.807359755343636	1.11861181085749	-0.31125205551385
ENSMUSG00000044447	1.14781690725631	-0.682937168022241	-0.464879739234064
ENSMUSG00000019880	-1.06761781910205	0.914786788504434	0.152831030597615
ENSMUSG00000023505	-0.740507769494147	1.13754534337873	-0.397037573884588
ENSMUSG00000031230	-0.986662087515934	1.01282449298907	-0.0261624054731315
ENSMUSG00000073403	-1.10004150624274	0.85404626752337	0.245995238719372
ENSMUSG00000053965	1.09970711844825	-0.244922107540819	-0.85478501090743
ENSMUSG00000034892	-1.02615843614799	0.971608549678564	0.0545498864694269
ENSMUSG00000034235	1.10332345164063	-0.846632946102663	-0.256690505537964
ENSMUSG00000038244	0.882704564226216	0.203337169654684	-1.0860417338809
ENSMUSG00000024451	1.13457225675327	-0.753187569076677	-0.381384687676589
ENSMUSG00000079243	1.08630824470979	-0.204110175193685	-0.882198069516104
ENSMUSG00000057722	0.289672967550561	-1.11285878667064	0.82318581912008
ENSMUSG00000025362	-0.875811789979398	1.08960772972688	-0.213795939747485
ENSMUSG00000022464	-0.963281850468266	1.03306277592453	-0.0697809254562668
ENSMUSG00000041261	-1.05137659393703	0.112220712639317	0.939155881297715
ENSMUSG00000035948	1.12680346978906	-0.344917283837923	-0.781886185951134
ENSMUSG00000022479	-1.08846546573011	0.210418117494929	0.878047348235179
ENSMUSG00000014303	-0.820783444589654	1.11376637553139	-0.292982930941737
ENSMUSG00000025812	1.12600251692403	-0.784561067341154	-0.341441449582877
ENSMUSG00000029177	-0.840580882667868	1.10590537317978	-0.26532449051191
ENSMUSG00000003226	1.11628587209406	-0.813934626338959	-0.302351245755102
ENSMUSG00000029304	-0.993998817730437	1.00589503938573	-0.0118962216552946
ENSMUSG00000037999	1.13343184494233	-0.375668311512625	-0.757763533429707
ENSMUSG00000020576	1.14521066022246	-0.70054831657252	-0.444662343649936
ENSMUSG00000004473	-0.995968238923146	-0.00801533734865481	1.0039835762718
ENSMUSG00000041949	1.14646956520955	-0.692422248540451	-0.454047316669099
ENSMUSG00000041841	-0.985964695587101	1.01346790406949	-0.0275032084823924
ENSMUSG00000036568	1.14107521742283	-0.723705853258319	-0.417369364164511
ENSMUSG00000026822	1.14478320327922	-0.703172193155811	-0.441611010123409
ENSMUSG00000046364	-1.13751053987211	0.740663177723612	0.396847362148498
ENSMUSG00000034126	1.1545883393726	-0.591234217699987	-0.563354121672609
ENSMUSG00000025794	-1.01983172922193	0.978912061881434	0.0409196673404926
ENSMUSG00000029587	1.10204318269008	-0.849560730512311	-0.252482452177772
ENSMUSG00000034310	1.02399074813065	-0.0498458194759787	-0.974144928654668
ENSMUSG00000031314	0.984171471657159	-1.01511048264477	0.0309390109876071
ENSMUSG00000020018	-0.857060527724994	1.09866863678395	-0.241608109058959
ENSMUSG00000040697	1.15257270296645	-0.515605849817015	-0.636966853149433
ENSMUSG00000026924	1.13052499795721	-0.768818195890753	-0.361706802066456
ENSMUSG00000041782	-1.15461424376812	0.565081694863777	0.589532548904343
ENSMUSG00000026100	-0.666371631365274	-0.483491376776959	1.14986300814223
ENSMUSG00000032911	1.145525632031	-0.446952364263752	-0.698573267767251
ENSMUSG00000037601	-1.0831233071805	0.888163624273893	0.194959682906605
ENSMUSG00000038718	1.15466447755088	-0.585235289554801	-0.569429187996076
ENSMUSG00000048327	-0.58521078408976	1.15466470185992	-0.569453917770162
ENSMUSG00000090958	1.11126318347008	-0.283932120263425	-0.827331063206656
ENSMUSG00000033365	1.14695906903627	-0.689080877358903	-0.457878191677368
ENSMUSG00000025266	1.15156127202838	-0.649469017549477	-0.5020922544789
ENSMUSG00000021792	-1.1480415781478	0.681260712297162	0.466780865850639
ENSMUSG00000035181	1.15387234625019	-0.614803790152189	-0.539068556098002
ENSMUSG00000029061	-1.05451037971495	0.119816980671013	0.934693399043938
ENSMUSG00000078684	1.1456140826997	-0.447602088811634	-0.698011993888064
ENSMUSG00000034525	1.15063390283612	-0.65916929922715	-0.491464603608965
ENSMUSG00000040310	-0.821570019733709	1.11347059176395	-0.291900572030245
ENSMUSG00000005534	1.15000560287813	-0.665087955663752	-0.484917647214376
ENSMUSG00000034903	1.12936551180141	-0.356355715972715	-0.773009795828693
ENSMUSG00000035969	1.09540541965966	-0.864033588713282	-0.231371830946383
ENSMUSG00000041741	1.10182837478466	-0.251780982298783	-0.850047392485881
ENSMUSG00000040537	1.15126159194264	-0.498510369440627	-0.652751222502012
ENSMUSG00000041341	1.14668017141555	-0.69099822763514	-0.455681943780412
ENSMUSG00000029720	1.14838914149534	-0.67860618299312	-0.469782958502222
ENSMUSG00000039481	-0.870418037956618	1.09230819672838	-0.221890158771758
ENSMUSG00000034850	1.15270862626586	-0.517642157669097	-0.635066468596761
ENSMUSG00000021643	-1.14563824665471	0.697858140643744	0.447780106010962
ENSMUSG00000002032	1.15409632982034	-0.609393892934279	-0.544702436886064
ENSMUSG00000041797	1.07459907432923	-0.903260767471969	-0.17133830685726
ENSMUSG00000070436	-1.1460079383203	0.695475818905855	0.45053211941445
ENSMUSG00000039414	1.15227422618321	-0.640929711090232	-0.511344515092979
ENSMUSG00000057863	-0.961292309909607	1.03466584881188	-0.0733735389022747
ENSMUSG00000027015	-0.840314930632408	-0.265701932094948	1.10601686272736
ENSMUSG00000029683	-0.764630691228818	1.13165167165446	-0.367020980425645
ENSMUSG00000019984	1.15296761673204	-0.521718344107745	-0.631249272624298
ENSMUSG00000002343	1.14453176342361	-0.439845030310534	-0.704686733113073
ENSMUSG00000021032	1.15137405835893	-0.651537759588384	-0.499836298770545
ENSMUSG00000064368	-1.14279687638167	0.428180162474249	0.714616713907417
ENSMUSG00000020741	1.14628543756243	-0.693651107386456	-0.452634330175974
ENSMUSG00000048218	1.06925840096773	-0.157117804669185	-0.912140596298546
ENSMUSG00000047139	-1.12731167802095	0.780165158551678	0.34714651946927
ENSMUSG00000039452	-1.14896661761461	0.674016136082717	0.47495048153189
ENSMUSG00000102066	0.730476259625341	0.409231576239689	-1.13970783586503
ENSMUSG00000039262	1.12429397770781	-0.334172672828028	-0.79012130487978
ENSMUSG00000033083	1.12123452667246	-0.321609204584683	-0.79962532208778
ENSMUSG00000026657	1.15370223115682	-0.535277429575865	-0.618424801580951
ENSMUSG00000045629	1.12842427720661	-0.776330001967195	-0.35209427523941
ENSMUSG00000030739	0.912813214737279	-1.0688435643289	0.156030349591622
ENSMUSG00000028936	-0.958850801619151	1.03660926200418	-0.0777584603850338
ENSMUSG00000078974	-1.02297539605783	0.975320646724075	0.0476547493337525
ENSMUSG00000028018	-0.837215642223655	1.10730403593519	-0.270088393711533
ENSMUSG00000018166	1.15356012519595	-0.621212912702762	-0.532347212493184
ENSMUSG00000038319	0.945280495748883	0.101671155692962	-1.04695165144184
ENSMUSG00000019932	-1.01136776505619	0.0231370631893608	0.988230701866833
ENSMUSG00000018411	1.02461483336929	-0.0511964404221884	-0.973418392947102
ENSMUSG00000006649	-1.0209577071425	0.977634095615842	0.0433236115266626
ENSMUSG00000009394	1.13998653006195	-0.729125390819556	-0.41086113924239
ENSMUSG00000041975	1.12789822281337	-0.34974313756179	-0.778155085251575
ENSMUSG00000031328	1.15269562849721	-0.51744457976553	-0.63525104873168
ENSMUSG00000058427	-1.14666233950659	0.455542760442581	0.691119579064013
ENSMUSG00000027650	1.15447756490728	-0.596889840804866	-0.557587724102411
ENSMUSG00000052909	-1.10953788644335	0.277831659870175	0.831706226573179
ENSMUSG00000046380	1.14606440716148	-0.450957304530195	-0.695107102631287
ENSMUSG00000042453	0.714963213909219	-1.1427336060399	0.427770392130685
ENSMUSG00000071341	-1.14794179724386	0.682008959532919	0.465932837710939
ENSMUSG00000067219	-1.1547002508646	0.576644441422752	0.578055809441849
ENSMUSG00000027524	-0.663952964313681	1.15012979656943	-0.48617683225575
ENSMUSG00000101439	1.11795141139177	-0.809252515099724	-0.308698896292043
ENSMUSG00000030303	-0.919880986919489	1.06439415374151	-0.144513166822017
ENSMUSG00000061603	1.12904531351462	-0.354897968270929	-0.774147345243687
ENSMUSG00000034684	1.12580676382818	-0.785208010496231	-0.340598753331946
ENSMUSG00000034607	-0.436345729798005	-0.707679068762793	1.1440247985608
ENSMUSG00000029009	0.901865429014255	-1.07541574947421	0.173550320459957
ENSMUSG00000028246	1.15355504775301	-0.62130912897524	-0.532245918777767
ENSMUSG00000090733	-1.15252359933504	0.514885788622021	0.637637810713017
ENSMUSG00000078651	1.15353542444618	-0.621678940338473	-0.531856484107705
ENSMUSG00000030433	-0.828027771101142	1.11099129387451	-0.282963522773368
ENSMUSG00000024983	1.15136835791961	-0.499768579205001	-0.651599778714606
ENSMUSG00000024660	-1.06250131500284	0.922809358991917	0.139691956010926
ENSMUSG00000073676	-0.973375070479102	1.02465196633826	-0.0512768958591535
ENSMUSG00000052305	-0.721438015334245	-0.42007891274695	1.14151692808119
ENSMUSG00000019761	-0.965271719594346	-0.0661700079862629	1.03144172758061
ENSMUSG00000031166	1.14285465388584	-0.714299402831106	-0.428555251054739
ENSMUSG00000027668	1.06270623430464	-0.92249451700349	-0.140211717301155
ENSMUSG00000021367	-1.1062244122381	0.266405627320523	0.839818784917575
ENSMUSG00000045777	-1.14683736224646	0.689922107753918	0.456915254492539
ENSMUSG00000031697	-1.08100071763288	0.892037108471293	0.188963609161587
ENSMUSG00000030166	-1.15469644407672	0.574685229842547	0.580011214234172
ENSMUSG00000049404	-1.15351456854599	0.531446081308105	0.622068487237882
ENSMUSG00000032698	-1.10209322681445	0.849447165613954	0.252646061200498
ENSMUSG00000047821	-1.14837516964435	0.469660782956633	0.678714386687714
ENSMUSG00000057278	-1.01071623345752	0.988927679014352	0.0217885544431728
ENSMUSG00000028347	-1.00454509010938	0.995392075648294	0.00915301446108239
ENSMUSG00000031075	0.883311715898297	0.202409596346923	-1.08572131224522
ENSMUSG00000027306	-0.78791702550831	1.1249783966736	-0.337061371165293
ENSMUSG00000051367	-0.850459538622499	1.10164600941382	-0.251186470791326
ENSMUSG00000033039	1.15469609932155	-0.574575206589623	-0.580120892731928
ENSMUSG00000025027	1.14672477740428	-0.456030749042001	-0.690694028362274
ENSMUSG00000057948	-1.15468722820024	0.582145048618365	0.572542179581876
ENSMUSG00000031111	1.1448567161087	-0.442131294827242	-0.702725421281454
ENSMUSG00000045466	1.104918094072	-0.842919034029421	-0.261999060042584
ENSMUSG00000032251	-0.800180469544402	1.12105029754945	-0.320869828005048
ENSMUSG00000035799	-1.15427609212127	0.604249434220047	0.550026657901227
ENSMUSG00000009927	-1.06796653781931	0.914227408343358	0.153739129475952
ENSMUSG00000025658	1.07818793165145	-0.89705079008094	-0.181137141570508
ENSMUSG00000074364	0.918856607159946	0.146192783906984	-1.06504939106693
ENSMUSG00000019194	-0.89122021481236	1.08145198754019	-0.190231772727834
ENSMUSG00000072553	-1.01067919763743	0.0217119842253953	0.988967213412033
ENSMUSG00000021277	1.12338214477555	-0.33037004524234	-0.793012099533207
ENSMUSG00000005871	1.15338356574377	-0.528944922198667	-0.624438643545098
ENSMUSG00000048922	-0.821466284178266	1.1135096769626	-0.29204339278434
ENSMUSG00000038077	1.15278955862306	-0.633902823507426	-0.518886735115634
ENSMUSG00000042340	-1.12622793643641	0.342415131808428	0.783812804627988
ENSMUSG00000022263	1.09239823354809	-0.222162738406199	-0.870235495141896
ENSMUSG00000022215	-1.14214195958056	0.718155336960279	0.42398662262028
ENSMUSG00000037110	1.14663608538579	-0.691297980683882	-0.455338104701912
ENSMUSG00000035845	0.965538018495797	0.065685411036419	-1.03122342953222
ENSMUSG00000069917	-0.7312834461926	-0.408256455602621	1.13953990179522
ENSMUSG00000029337	-0.874964252420738	1.09003723326215	-0.215072980841415
ENSMUSG00000004698	1.15201909437098	-0.507899308208524	-0.644119786162456
ENSMUSG00000047098	0.890733860299808	-1.08171973527184	0.190985874972027
ENSMUSG00000029417	-1.14960100246247	0.480922115257901	0.668678887204572
ENSMUSG00000049699	0.704965774975506	0.439519285542654	-1.14448506051816
ENSMUSG00000038900	-1.12168410983774	0.7982627117774	0.323421398060342
ENSMUSG00000028407	-0.969860700642654	1.02763438201052	-0.0577736813678675
ENSMUSG00000033209	1.0991289506806	-0.856055359922247	-0.243073590758352
ENSMUSG00000074384	1.15190296460181	-0.506383744762775	-0.645519219839034
ENSMUSG00000102752	1.13814584695629	-0.737797620224386	-0.400348226731905
ENSMUSG00000001985	1.11784363285074	-0.80955942208601	-0.308284210764728
ENSMUSG00000009739	1.12466125062296	-0.788942194986121	-0.335719055636836
ENSMUSG00000102697	1.12321697816397	-0.793530275409064	-0.329686702754911
ENSMUSG00000070972	-0.996789098617859	-0.00639116726538821	1.00318026588325
ENSMUSG00000046688	-1.11835999413384	0.808083979840842	0.310276014292996
ENSMUSG00000000889	1.03464781135605	-0.961314817569358	-0.0733329937866957
ENSMUSG00000040612	0.91200273242025	0.157340514019407	-1.06934324643966
ENSMUSG00000006576	1.11343262029286	-0.291761880006398	-0.821670740286464
ENSMUSG00000040229	-1.00528813643995	0.0106615257961495	0.994626610643805
ENSMUSG00000057322	-0.841459832745056	1.10553573732289	-0.264075904577833
ENSMUSG00000041012	-1.03875915865854	0.0826479022926143	0.956111256365927
ENSMUSG00000061175	1.1036431267354	-0.845894490729748	-0.257748636005651
ENSMUSG00000025747	-0.776175878885017	1.12846841850567	-0.352292539620658
ENSMUSG00000027878	1.13454044042667	-0.7533172351782	-0.381223205248475
ENSMUSG00000028860	-1.14510468309303	0.443899908344446	0.701204774748582
ENSMUSG00000029570	-1.15097625407746	0.495236978060279	0.655739276017182
ENSMUSG00000039298	-1.14254708389144	0.715978831477126	0.426568252414318
ENSMUSG00000020216	-1.03111277934907	0.965672849268353	0.0654399300807205
ENSMUSG00000059408	1.0062832709115	-0.0126872705931791	-0.993596000318317
ENSMUSG00000001493	-1.01431191767325	0.0292663269659269	0.985045590707323
ENSMUSG00000037725	-0.807619139805085	1.11852174537276	-0.310902605567675
ENSMUSG00000028468	1.14597756802348	-0.450303983851989	-0.695673584171493
ENSMUSG00000067038	-1.05203162100703	0.938231896192789	0.113799724814244
ENSMUSG00000080268	1.13605297090494	-0.389035604473753	-0.747017366431191
ENSMUSG00000056900	1.1456325871006	-0.447738391705563	-0.697894195395041
ENSMUSG00000038155	-0.82472421440678	1.11227101386792	-0.287546799461141
ENSMUSG00000097808	-0.82472421440678	1.11227101386792	-0.287546799461141
ENSMUSG00000029804	1.14368324228361	-0.434032038783638	-0.709651203499975
ENSMUSG00000032850	0.768487981277115	0.362127007575112	-1.13061498885223
ENSMUSG00000040102	1.1408963658803	-0.724612419197618	-0.416283946682678
ENSMUSG00000045980	1.15411729229606	-0.545278829952599	-0.608838462343457
ENSMUSG00000022438	-1.12091103674193	0.800598883431518	0.320312153310408
ENSMUSG00000039456	1.15411587208964	-0.608876410915087	-0.545239461174558
ENSMUSG00000009112	1.15229405528209	-0.640674600206345	-0.511619455075744
ENSMUSG00000003154	1.12613151668545	-0.784133294054765	-0.341998222630687
ENSMUSG00000004347	-1.03025959355948	0.966709111417813	0.0635504821416657
ENSMUSG00000036281	1.01212907814215	-0.987412694655307	-0.0247163834868422
ENSMUSG00000047757	-1.14295102692508	0.713768213690575	0.429182813234501
ENSMUSG00000041219	-0.899692264414993	1.07667575181227	-0.176983487397278
ENSMUSG00000056612	-0.580753676285797	1.15469383763464	-0.573940161348838
ENSMUSG00000053646	1.15083053066723	-0.657218793760805	-0.493611736906424
ENSMUSG00000049739	1.14298421829947	-0.713584711134377	-0.429399507165091
ENSMUSG00000045975	1.13034875562005	-0.769462820951473	-0.360885934668574
ENSMUSG00000036306	-1.07276063926529	0.906364722185436	0.166395917079854
ENSMUSG00000068299	1.15273600070236	-0.634675671489218	-0.518060329213145
ENSMUSG00000029086	-0.828863495861842	-0.281800238493694	1.11066373435554
ENSMUSG00000044550	-0.85152637522903	1.10117204469072	-0.249645669461689
ENSMUSG00000043557	-0.92769594916552	-0.131580584882112	1.05927653404763
ENSMUSG00000003435	1.03520654209974	-0.96061631983673	-0.0745902222630064
ENSMUSG00000022440	-0.91199809613525	1.06934609867133	-0.157348002536077
ENSMUSG00000025577	-1.14536718917784	0.699571346031468	0.445795843146368
ENSMUSG00000004098	1.14314800410883	-0.712674960685118	-0.43047304342371
ENSMUSG00000040170	0.941211294883823	-1.04990779122125	0.108696496337427
ENSMUSG00000024620	1.09359425750882	-0.867793546114162	-0.225800711394661
ENSMUSG00000027304	-1.1422967604072	0.71732834932527	0.424968411081929
ENSMUSG00000040459	-0.697580327625146	1.1456817906244	-0.448101462999251
ENSMUSG00000041845	-1.10423519353098	0.259716368953954	0.844518824577029
ENSMUSG00000040703	-1.15461586059204	0.565197568947871	0.589418291644166
ENSMUSG00000028587	0.787431902451632	0.337695867964338	-1.12512777041597
ENSMUSG00000036655	-1.13455763021659	0.753247193570844	0.381310436645744
ENSMUSG00000030643	-1.12559632972637	0.339695773840838	0.785900555885535
ENSMUSG00000042655	-0.918878294433342	-0.146157261305089	1.06503555573843
ENSMUSG00000024084	-1.13953967880762	0.408255164165733	0.731284514641891
ENSMUSG00000026018	-1.10072419954716	0.248195461313193	0.852528738233966
ENSMUSG00000022421	1.12234683394016	-0.326113449603498	-0.79623338433666
ENSMUSG00000041220	-0.867466912806714	1.09375305186185	-0.226286139055135
ENSMUSG00000027636	-1.1420769211976	0.718501098412089	0.423575822785514
ENSMUSG00000030814	-0.947204390107463	1.04553128377091	-0.0983268936634474
ENSMUSG00000038766	1.12323528735029	-0.793472915209653	-0.329762372140632
ENSMUSG00000034573	1.11332982872508	-0.821943106744121	-0.291386721980958
ENSMUSG00000024066	1.13728480453041	-0.741666837066083	-0.395617967464331
ENSMUSG00000020541	-1.0964632206294	0.234661356056964	0.861801864572432
ENSMUSG00000046056	-1.15042564671079	0.489244087511856	0.661181559198939
ENSMUSG00000025270	-0.676261325050771	-0.472426531743119	1.14868785679389
ENSMUSG00000032186	1.14076029048734	-0.725297767660977	-0.415462522826362
ENSMUSG00000028778	1.11448684794363	-0.295634365794331	-0.818852482149297
ENSMUSG00000042401	-0.898819101584579	-0.178358851542534	1.07717795312711
ENSMUSG00000042029	1.14903185017952	-0.673482361090925	-0.475549489088595
ENSMUSG00000003355	-1.06967984348786	0.911454810359391	0.158225033128472
ENSMUSG00000049281	1.15421215645719	-0.548024754069677	-0.606187402387511
ENSMUSG00000028532	1.14865656681894	-0.676509830803305	-0.472146736015632
ENSMUSG00000037568	-1.0434785314399	0.949949979992749	0.0935285514471534
ENSMUSG00000060935	-1.12809242880813	0.777483802586973	0.350608626221153
ENSMUSG00000061322	1.08448175311122	-0.198839514623815	-0.885642238487405
ENSMUSG00000055733	1.15301119163599	-0.522432552888943	-0.630578638747053
ENSMUSG00000047875	-1.12486500645533	0.788284308487648	0.336580697967679
ENSMUSG00000029577	1.10123520468941	-0.851384568556925	-0.249850636132487
ENSMUSG00000097148	-1.08340358729407	0.887646153738013	0.195757433556056
ENSMUSG00000027962	-0.975730833234155	1.02261957116582	-0.0468887379316614
ENSMUSG00000030816	1.13777018090164	-0.739499455579587	-0.398270725322048
ENSMUSG00000015879	1.11921537871749	-0.80561114874843	-0.313604229969064
ENSMUSG00000036208	1.15446875772621	-0.557199020728681	-0.59726973699753
ENSMUSG00000022033	-0.322820438771288	1.12153532750106	-0.798714888729769
ENSMUSG00000002083	-1.11184657411367	0.286019791852025	0.825826782261644
ENSMUSG00000003644	-1.13919522152339	0.406270682658238	0.732924538865149
ENSMUSG00000038233	-0.861634871872922	-0.234906989542581	1.0965418614155
ENSMUSG00000054196	-1.14056174661841	0.414270692189264	0.726291054429143
ENSMUSG00000040797	-0.88208497141279	1.08636765754287	-0.204282686130077
ENSMUSG00000039501	1.03238528628519	-0.964116147210408	-0.0682691390747797
ENSMUSG00000061613	-0.613547905824231	-0.540379649124744	1.15392755494897
ENSMUSG00000012519	1.1523891309915	-0.512953217633043	-0.639435913358457
ENSMUSG00000023868	-1.15434587063716	0.552389711008544	0.601956159628617
ENSMUSG00000027460	0.530822951357222	0.622659605786328	-1.15348255714355
ENSMUSG00000027580	1.137342025045	-0.741413128261255	-0.395928896783746
ENSMUSG00000032115	1.15467108404397	-0.584478073404515	-0.57019301063945
ENSMUSG00000058665	-0.960494308815093	1.03530391911757	-0.0748096103024815
ENSMUSG00000009646	-0.869145118517416	-0.223789098356626	1.09293421687404
ENSMUSG00000000247	-1.14091377633536	0.416389317841731	0.724524458493629
ENSMUSG00000036529	1.13998562301201	-0.729129810643331	-0.410855812368684
ENSMUSG00000006281	1.07215116540438	-0.164768554905077	-0.907382610499301
ENSMUSG00000023013	-1.05414981771129	0.118937528351917	0.935212289359371
ENSMUSG00000026039	-0.74943794988585	1.1354798239968	-0.386041874110948
ENSMUSG00000092329	1.14949239112014	-0.479875588585756	-0.669616802534385
ENSMUSG00000042644	1.14544317418924	-0.44634931550209	-0.699093858687151
ENSMUSG00000038970	1.11096661628497	-0.828090870629744	-0.282875745655224
ENSMUSG00000045007	-1.02549314143763	0.972390849099698	0.053102292337935
ENSMUSG00000021943	-0.746468654059156	1.13618151483509	-0.38971286077593
ENSMUSG00000062248	-0.996345030743835	1.00361532596877	-0.0072702952249386
ENSMUSG00000024228	1.03390409506588	-0.962240427860228	-0.0716636672056544
ENSMUSG00000020656	-1.15297901224718	0.521904270133092	0.631074742114088
ENSMUSG00000082035	-0.853781019638921	1.10016124130735	-0.246380221668433
ENSMUSG00000026430	-0.904746551942986	-0.168976269421806	1.07372282136479
ENSMUSG00000071537	-1.05453709403444	0.119882197247059	0.934654896787377
ENSMUSG00000032480	1.15122393376742	-0.49807106966936	-0.653152864098057
ENSMUSG00000032278	-0.980375029579635	-0.0381576385262202	1.01853266810586
ENSMUSG00000047221	1.1254038785973	-0.786531299590414	-0.338872579006883
ENSMUSG00000034394	-1.03656976021529	0.958900754941281	0.077669005274011
ENSMUSG00000027864	-0.878984520734704	1.08798255268605	-0.208998031951343
ENSMUSG00000027536	0.80822445187449	0.310086574498694	-1.11831102637318
ENSMUSG00000067928	1.1537928078728	-0.537252774236816	-0.61654003363598
ENSMUSG00000001604	-0.812705487121218	-0.304022047238091	1.11672753435931
ENSMUSG00000072653	1.02235303794274	-0.976037465230504	-0.0463155727122363
ENSMUSG00000037161	-0.476371320292206	1.14912076974628	-0.672749449454079
ENSMUSG00000027706	-1.1462081654548	0.45204570390312	0.694162461551676
ENSMUSG00000064202	1.15173112147577	-0.647535414010542	-0.504195707465228
ENSMUSG00000028678	-0.685309971125177	1.14749203901335	-0.462182067888175
ENSMUSG00000025429	-0.871975183944886	1.09153656721244	-0.219561383267555
ENSMUSG00000039662	1.15242366988331	-0.638979372885338	-0.513444296997973
ENSMUSG00000050271	0.942237082296909	-1.04916867786538	0.10693159556847
ENSMUSG00000021614	-0.828746168062267	1.11070981413488	-0.281963646072616
ENSMUSG00000015944	1.15347762376255	-0.530727632703513	-0.622749991059036
ENSMUSG00000024039	-0.45903351802851	-0.688070387797848	1.14710390582636
ENSMUSG00000058503	-0.570006323702435	1.15466953075623	-0.584663207053793
ENSMUSG00000021903	1.01618060796574	-0.982993166677746	-0.0331874412879899
ENSMUSG00000032017	-0.842180496069634	-0.263050825889216	1.10523132195885
ENSMUSG00000030225	-1.11188941984722	0.286173624512554	0.825715795334666
ENSMUSG00000082361	1.15468524067293	-0.582490069128427	-0.572195171544508
ENSMUSG00000029153	-0.762818434037827	1.13212955610602	-0.369311122068191
ENSMUSG00000056919	1.15456401920172	-0.561905268282531	-0.592658750919192
ENSMUSG00000032777	1.15254418360019	-0.515186670977846	-0.637357512622342
ENSMUSG00000026090	-0.872711488671017	-0.218457964406309	1.09116945307733
ENSMUSG00000030110	-0.803243096028174	1.12002282620915	-0.31677973018098
ENSMUSG00000026574	-0.60679630724086	1.15419112558197	-0.547394818341106
ENSMUSG00000019808	-1.15339811741134	0.62418155088939	0.529216566521953
ENSMUSG00000001150	1.14759460565342	-0.463027425123566	-0.684567180529859
ENSMUSG00000037995	-1.10162075972744	0.850516529789208	0.251104229938229
ENSMUSG00000025150	-0.932956749645856	1.05570988914279	-0.122753139496936
ENSMUSG00000063727	-1.11895080061378	0.312570905908069	0.80637989470571
ENSMUSG00000020491	-1.13832994787104	0.736955609356394	0.401374338514643
ENSMUSG00000039089	1.13239501703712	-0.370592948136859	-0.761802068900265
ENSMUSG00000078771	-1.14525538320405	0.44498529883374	0.700270084370308
ENSMUSG00000058740	1.1460777795714	-0.451058184838117	-0.695019594733288
ENSMUSG00000034832	0.956468460190014	-1.03848066113791	0.0820122009478936
ENSMUSG00000031274	0.897382518158473	0.180616664021744	-1.07799918218022
ENSMUSG00000010064	-1.13751382594686	0.396865313891935	0.74064851205493
ENSMUSG00000003824	-0.992348815591438	1.00747947441026	-0.0151306588188237
ENSMUSG00000033491	-1.07468507048608	0.171570749212814	0.903114321273269
ENSMUSG00000050919	1.15470017523026	-0.578143178031736	-0.576556997198522
ENSMUSG00000035295	-0.945858500646649	1.04652647186982	-0.100667971223167
ENSMUSG00000044927	-0.733490203895918	1.13907540084316	-0.405585196947237
ENSMUSG00000040136	1.12090779278817	-0.320299175328546	-0.800608617459623
ENSMUSG00000034324	-1.07173761719183	0.908070178719639	0.163667438472196
ENSMUSG00000068115	1.15049832755157	-0.49001302868166	-0.660485298869908
ENSMUSG00000039323	-0.575647032030753	1.15469886512022	-0.579051833089464
ENSMUSG00000090000	-1.13667052427338	0.744361082504213	0.392309441769168
ENSMUSG00000024862	1.09567240731146	-0.232199574139708	-0.863472833171751
ENSMUSG00000032845	-1.00730947232342	0.0147828508731014	0.992526621450317
ENSMUSG00000042763	1.15061541926617	-0.491265352989568	-0.659350066276605
ENSMUSG00000054252	-1.12958480467379	0.7722258296999	0.357358974973885
ENSMUSG00000020686	1.13846454035505	-0.402127908278684	-0.736336632076369
ENSMUSG00000043059	-1.05096159299647	0.111222667386989	0.939738925609477
ENSMUSG00000024875	-1.12234529879239	0.796238114126697	0.326107184665692
ENSMUSG00000039747	-0.879128540113679	1.0879081274876	-0.208779587373918
ENSMUSG00000041229	1.03572733143865	-0.959962830141997	-0.0757645012966584
ENSMUSG00000035112	1.11517321968844	-0.816992696062883	-0.29818052362556
ENSMUSG00000002055	-0.70523129917323	1.1444405109037	-0.439209211730475
ENSMUSG00000039813	-0.960653529660509	1.03517683193226	-0.0745233022717559
ENSMUSG00000027315	-1.14470874916688	0.703622838753606	0.441085910413277
ENSMUSG00000090451	-1.04195535410518	0.951961180262008	0.0899941738431707
ENSMUSG00000034825	-0.144170513128986	-0.920089701473702	1.06426021460269
ENSMUSG00000032409	1.15460137587036	-0.564195455060188	-0.59040592081017
ENSMUSG00000034171	1.02697241578194	-0.0563256858450926	-0.970646729936845
ENSMUSG00000063849	1.13759552456079	-0.397312145173732	-0.740283379387055
ENSMUSG00000019848	-0.932827401276369	1.05579878661422	-0.122971385337855
ENSMUSG00000057469	-0.844540072830522	-0.259686009849865	1.10422608268039
ENSMUSG00000074476	-0.87163380730508	1.09170628416738	-0.220072476862298
ENSMUSG00000055980	1.14808089395081	-0.680964231555008	-0.467116662395806
ENSMUSG00000020330	-0.586258866526479	1.1546544799475	-0.56839561342102
ENSMUSG00000054752	-0.923704383044869	1.06191690433079	-0.13821252128592
ENSMUSG00000001763	1.040238219855	-0.0860357832900107	-0.954202436564992
ENSMUSG00000025359	0.489368334835339	-1.15043743108574	0.661069096250404
ENSMUSG00000031103	-1.00752536133964	0.0152245709045093	0.992300790435135
ENSMUSG00000020407	-0.659450042857304	1.15060517756085	-0.491155134703548
ENSMUSG00000033478	1.1541100193726	-0.609032304566048	-0.545077714806555
ENSMUSG00000079355	-0.84494558419995	-0.259106418121225	1.10405200232117
ENSMUSG00000060402	-1.13265444933521	0.760801962875069	0.371852486460142
ENSMUSG00000051351	-0.747952503152045	-0.387880224258791	1.13583272741084
ENSMUSG00000033752	-1.14634003158648	0.693288286621342	0.453051744965137
ENSMUSG00000063632	-0.938405217787205	1.05190899758546	-0.11350377979826
ENSMUSG00000024907	-0.980288142427522	1.01861012344607	-0.0383219810185453
ENSMUSG00000054203	1.14921086351244	-0.672000469559684	-0.477210393952759
ENSMUSG00000091957	-0.936346017229055	1.05335853647254	-0.117012519243489
ENSMUSG00000030867	-0.694052021342921	1.14622488689211	-0.452172865549192
ENSMUSG00000028020	-0.993969920156528	1.00592292129556	-0.0119530011390324
ENSMUSG00000103749	1.07926999821052	-0.895137746242319	-0.184132251968203
ENSMUSG00000028545	-0.890702718297938	1.08173685608656	-0.191034137788617
ENSMUSG00000020090	-1.08880257450081	0.87739034911327	0.211412225387535
ENSMUSG00000036748	-1.15434025846971	0.552191623333509	0.6021486351362
ENSMUSG00000079056	1.15224160375107	-0.6413470614561	-0.51089454229497
ENSMUSG00000002778	-0.349197857208633	1.12777553469087	-0.778577677482233
ENSMUSG00000024112	1.10783727706843	-0.271921429943072	-0.835915847125362
ENSMUSG00000070473	1.01624348027664	-0.0333197902724683	-0.982923690004173
ENSMUSG00000043909	1.12370950314478	-0.331729319673641	-0.791980183471138
ENSMUSG00000030214	-0.743425943929747	1.13688510908117	-0.393459165151426
ENSMUSG00000070495	-1.14353231271242	0.710511921469752	0.433020391242665
ENSMUSG00000039512	1.1145752045556	-0.818614189219081	-0.29596101533652
ENSMUSG00000051043	0.852343330050809	0.248463892730354	-1.10080722278116
ENSMUSG00000045211	-1.10400267823302	0.258942360682591	0.845060317550433
ENSMUSG00000078185	1.14613213211884	-0.694663153991403	-0.451468978127439
ENSMUSG00000045519	-1.06395167038847	0.920569623497894	0.143382046890574
ENSMUSG00000055660	1.14991031764086	-0.483962323732607	-0.665947993908255
ENSMUSG00000016637	-0.918497793066598	1.06527806505478	-0.146780271988185
ENSMUSG00000009075	-1.14392193435156	0.708276615881391	0.435645318470173
ENSMUSG00000052369	-1.00454707135525	0.995390039227949	0.0091570321272973
ENSMUSG00000070733	1.12803899843903	-0.777668776074147	-0.35037022236488
ENSMUSG00000021911	1.1066996271513	-0.838677610061343	-0.268022017089956
ENSMUSG00000016763	-0.812495367585895	1.11680271912701	-0.304307351541119
ENSMUSG00000018372	-1.15260054433044	0.636582847648316	0.516017696682127
ENSMUSG00000042501	-0.591747046991413	1.15457986112383	-0.562832814132418
ENSMUSG00000041649	-1.15448890435344	0.596389354725185	0.558099549628258
ENSMUSG00000032254	-0.653854711961283	1.15115761005684	-0.497302898095561
ENSMUSG00000037624	-1.08466663872774	0.199370184138952	0.885296454588785
ENSMUSG00000015619	-1.14897150240386	0.474995224025369	0.673976278378486
ENSMUSG00000040329	0.959639135723504	-1.03598460352193	0.0763454677984244
ENSMUSG00000022195	1.15437339842508	-0.600988857862337	-0.553384540562749
ENSMUSG00000017754	-0.920368986672909	-0.143711769508425	1.06408075618133
ENSMUSG00000054400	-1.0062480401397	0.993632594190898	0.0126154459487986
ENSMUSG00000029603	1.13800800487536	-0.738424590412427	-0.399583414462928
ENSMUSG00000058152	-0.734023190797622	-0.404938834699171	1.13896202549679
ENSMUSG00000059060	-1.15452557456738	0.594670350363961	0.55985522420342
ENSMUSG00000086022	1.15051989992591	-0.66027741820249	-0.490242481723417
ENSMUSG00000039001	-0.893679286543879	1.08008761966177	-0.186408333117894
ENSMUSG00000024542	1.15297472929794	-0.631140408482442	-0.521834320815494
ENSMUSG00000028539	-0.752330054491886	1.13478193770285	-0.38245188321096
ENSMUSG00000032400	-1.14239969602923	0.425624434966102	0.716775261063126
ENSMUSG00000047419	1.13768198981938	-0.739895861927433	-0.39778612789195
ENSMUSG00000024726	-1.14979192586054	0.667004026743571	0.482787899116968
ENSMUSG00000050428	1.1343974039306	-0.380498681968968	-0.753898721961635
ENSMUSG00000091625	-1.04188066218904	0.952059240813631	0.0898214213754103
ENSMUSG00000030515	1.15428015411177	-0.55015870630142	-0.604121447810345
ENSMUSG00000025857	1.11705776853388	-0.305277119576967	-0.811780648956911
ENSMUSG00000021275	1.1527490539806	-0.634488328364154	-0.518260725616449
ENSMUSG00000055301	1.08432153082865	-0.885941383448641	-0.198380147380012
ENSMUSG00000031380	-0.974535032588273	1.02365459918636	-0.0491195665980883
ENSMUSG00000005043	1.11374183744961	-0.292893003671706	-0.820848833777901
ENSMUSG00000029765	1.13766177767861	-0.739986548128896	-0.397675229549717
ENSMUSG00000034435	-1.15178478688341	0.504872301017407	0.646912485866001
ENSMUSG00000044022	-1.03787812238679	0.95723890411277	0.0806392182740235
ENSMUSG00000041660	-1.11759467356258	0.810266239865569	0.307328433697012
ENSMUSG00000011267	-1.13335066683861	0.75808379582984	0.375266871008765
ENSMUSG00000027068	-0.851382204651119	-0.249854052495752	1.10123625714687
ENSMUSG00000039929	1.13984860766726	-0.410052906456679	-0.72979570121058
ENSMUSG00000059974	1.13740438572071	-0.741136086012092	-0.396268299708623
ENSMUSG00000057691	-0.630458487282579	1.15301893793218	-0.5225604506496
ENSMUSG00000022469	1.05098937424998	-0.939699951951774	-0.111289422298206
ENSMUSG00000046410	0.92632795534648	-1.06018775388128	0.133859798534799
ENSMUSG00000000028	-1.15356458838881	0.621128154333888	0.532436434054925
ENSMUSG00000062184	-0.799851790281395	1.12115944620979	-0.321307655928396
ENSMUSG00000003123	1.14504607930709	-0.443479995681394	-0.701566083625695
ENSMUSG00000018923	-1.10361898952699	0.845950352970184	0.257668636556807
ENSMUSG00000070564	-1.11248663429657	0.824161432220067	0.288325202076503
ENSMUSG00000075592	0.86867225777924	0.224493425261936	-1.09316568304118
ENSMUSG00000035547	1.13998406516738	-0.729137401266992	-0.410846663900386
ENSMUSG00000026944	1.09560793980263	-0.86360838988476	-0.231999549917867
ENSMUSG00000059005	-1.09722780807254	0.860171848717902	0.237055959354641
ENSMUSG00000020747	1.14366432564654	-0.709759435987711	-0.433904889658832
ENSMUSG00000006457	-0.829335496012327	1.11047804994951	-0.281142553937182
ENSMUSG00000058569	-0.69606318592261	-0.449854383167145	1.14591756908975
ENSMUSG00000049892	-0.243380236209459	1.09922505122322	-0.855844815013761
ENSMUSG00000033715	0.453123298656203	-1.14634937329553	0.693226074639331
ENSMUSG00000024924	0.570223478945049	-1.15467133377579	0.584447854830738
ENSMUSG00000059436	-0.186147023170738	-0.893846933193998	1.07999395636474
ENSMUSG00000037816	0.984350200009322	-1.01494752927595	0.0305973292666292
ENSMUSG00000043613	-0.727456133081619	1.14032685667086	-0.412870723589238
ENSMUSG00000031613	-1.07910556951655	0.895429698000438	0.183675871516114
ENSMUSG00000073125	-0.575301487967448	1.15469811780872	-0.579396629841277
ENSMUSG00000021676	1.09007985997465	-0.874879927801765	-0.21519993217289
ENSMUSG00000049134	0.938221101210831	0.11381815338166	-1.05203925459249
ENSMUSG00000032373	1.045819971361	-0.946814975774815	-0.0990049955861828
ENSMUSG00000038332	0.460472761461519	-1.14728252295262	0.686809761491104
ENSMUSG00000051159	-0.620783137544443	1.15358266342714	-0.532799525882695
ENSMUSG00000037490	1.06817831983277	-0.913886879471717	-0.154291440361054
ENSMUSG00000042595	-0.254646977379679	-0.848056533498203	1.10270351087788
ENSMUSG00000032500	0.144231092155545	-1.06428390076447	0.920052808608927
ENSMUSG00000029298	0.211317419334199	-1.08877045876506	0.877453039430861
ENSMUSG00000024011	-0.669500612847626	-0.480005299293319	1.14950591214094
ENSMUSG00000004945	-0.532216837583544	1.15355358799629	-0.621336750412742
ENSMUSG00000030748	0.189792271134323	-1.08129573530515	0.891503464170823
ENSMUSG00000001020	-0.936683533350266	1.05312204059248	-0.116438507242212
ENSMUSG00000031284	0.303995737247029	-1.11672059759891	0.812724860351877
ENSMUSG00000025510	-0.277484459481075	1.10943877401165	-0.83195431453057
ENSMUSG00000041577	-0.623404841377628	-0.530036732974719	1.15344157435235
ENSMUSG00000030862	-0.829948181151163	-0.280288099143453	1.11023628029462
ENSMUSG00000021702	-0.579509757996147	-0.575188084607293	1.15469784260344
ENSMUSG00000006369	-0.634098261660307	-0.518677825728944	1.15277608738925
ENSMUSG00000023885	-0.362281013302146	-0.76836691857033	1.13064793187248
ENSMUSG00000028989	-0.409973303666647	-0.729861687583553	1.1398349912502
ENSMUSG00000041559	-0.726371031364628	-0.414174660552432	1.14054569191706
ENSMUSG00000037405	-0.950128805861639	-0.0932149642856507	1.04334377014729
ENSMUSG00000039084	-0.971815727030125	-0.054166802177267	1.02598252920739
ENSMUSG00000027966	-0.842388969452124	-0.26275406458817	1.10514303404029
ENSMUSG00000017897	-0.696685382431053	-0.449135903124267	1.14582128555532
ENSMUSG00000024529	-0.506205527191902	-0.645683625475599	1.1518891526675
ENSMUSG00000047420	-0.737450950351611	-0.400770835321606	1.13822178567322
ENSMUSG00000041112	-0.33291715332106	-0.791077128558054	1.12399428187911
ENSMUSG00000031849	-0.778798744889174	-0.348912476450774	1.12771122133995
ENSMUSG00000022150	-0.777742078965914	-0.350275728049943	1.12801780701586
ENSMUSG00000009772	-0.549540057881796	-0.604720899714682	1.15426095759648
ENSMUSG00000094483	0.448325345447248	0.697386722844625	-1.14571206829187
ENSMUSG00000044006	-0.989679566723881	-0.020330835372205	1.01001040209609
ENSMUSG00000032925	-0.72781229370087	-0.412442324426097	1.14025461812697
ENSMUSG00000023915	-0.257130310031588	-0.846326122382509	1.1034564324141
ENSMUSG00000064080	-0.857350549891291	-0.241184804437225	1.09853535432852
ENSMUSG00000028364	0.0948890917092796	-1.04406234882925	0.949173257119971
ENSMUSG00000029816	-0.404858711246012	-0.73408923359248	1.13894794483849
ENSMUSG00000026435	-0.22681988514518	-0.867107550783365	1.09392743592854
ENSMUSG00000022790	1.14437156854665	-0.43873060518104	-0.705640963365613
ENSMUSG00000024735	0.373771316588109	0.759275666307619	-1.13304698289573
ENSMUSG00000000753	-0.881354980339229	-0.205395299052642	1.08675027939187
ENSMUSG00000052429	-0.074147112051056	1.03500975355063	-0.960862641499577
ENSMUSG00000025229	0.245590504103703	0.854324995522912	-1.09991549962661
ENSMUSG00000061013	-0.724934617963241	-0.415897868656015	1.14083248661926
ENSMUSG00000021062	-0.619085968199728	-0.534583441848082	1.15366941004781
ENSMUSG00000034926	1.14933455228862	-0.478373116473905	-0.67096143581472
ENSMUSG00000024164	-0.690704333558289	-0.45601893496015	1.14672326851844
ENSMUSG00000039982	0.0687327976499445	0.963860455099229	-1.03259325274917
ENSMUSG00000071656	-0.845123198942412	-0.258852433226249	1.10397563216866
ENSMUSG00000055407	-0.621040726835493	-0.532528455873718	1.15356918270921
ENSMUSG00000042594	-0.0264156890210522	-0.986530450509805	1.01294613953086
ENSMUSG00000079022	-0.614335762614585	-0.539557385871836	1.15389314848642
ENSMUSG00000026241	-0.301107933199992	1.11595570133172	-0.814847768131728
ENSMUSG00000054162	-0.67886361618383	-0.469492256926774	1.1483558731106
ENSMUSG00000032179	-0.83608018405253	-0.27168988729609	1.10777007134862
ENSMUSG00000039321	-0.967126882471976	-0.062787357152766	1.02991423962474
ENSMUSG00000087679	0.722711728519572	0.418558116955572	-1.14126984547514
ENSMUSG00000028736	-0.124741988851398	1.05651865808691	-0.931776669235514
ENSMUSG00000020402	-0.205641058826839	-0.881193604729699	1.08683466355654
ENSMUSG00000028780	-0.954305659911601	-0.0858529698327221	1.04015862974432
ENSMUSG00000022048	0.890764984406675	0.190937637068268	-1.08170262147494
ENSMUSG00000021144	0.415785203469721	0.725028615963468	-1.14081381943319
ENSMUSG00000032334	-0.532779892815313	1.15358168969587	-0.620801796880555
ENSMUSG00000062980	-0.282116652894501	-0.828636288171034	1.11075294106553
ENSMUSG00000031431	0.489886592307699	-1.15048641771564	0.660599825407936
ENSMUSG00000026442	-0.50589912745427	-0.645966202421594	1.15186532987586
ENSMUSG00000039396	0.21908876455249	0.872290677667709	-1.0913794422202
