1149.5413091882
1121.0869286713
1142.1387177043
1107.0310018518
1146.0004725281
1131.5747562088
1153.8950515965
1169.1652034415
1154.4475080717
1127.7304741051
1155.5912764993
1127.1620790012
1139.3044632002
1126.4847322997
1141.6124517219
1098.4714696099
1130.8471008026
1130.6108961899
1143.4920814724
1125.8023731432
1124.3054645896
1143.5114958509
1132.6631877267
1142.6022394951
1137.9114993431
1133.6486417559
1105.6862911556
1129.6727554999
1131.1729345721
1118.6215628061
1155.0293827288
1126.7696094569
1097.9817214362
1119.0572791137
1120.8147715132
1140.8243225476
1124.8546633348
1110.1518263438
1131.6103888622
1105.9430911595
1143.4958180212
1147.6316174967
1127.4423590381
1104.7314282783
1144.8789676288
1142.2616382432
1124.2897227195
1146.7336571825
1189.7309305469
1127.9356865193
1138.4807921225
1137.2260120583
1155.8716507701
1116.6039414718
1128.8204501953
1126.0938680201
1133.4641106386
1139.8567948900
1151.8061948923
1138.2826699408
1141.3076263983
1130.3102898337
1126.5802648092
1153.3485085851
1119.1411822995
1108.3878982024
1077.0492665866
1110.7267084481
1146.9755080359
1139.7047095279
1147.1835999678
1141.3030849577
1146.5319924086
1152.8671848172
1109.9367772649
1106.3318550150
1100.9880354850
1092.2802508296
1113.9959270163
1107.1289901899
1107.2603079600
1135.6018116708
1139.3224395165
1143.9757506395
1130.8598190730
1108.9745271618
1115.7431531004
1130.8771784336
1105.1269164493
1110.7206813555
1140.6071969837
1129.3753156232
1102.1607435692
1115.7926661899
1119.8974531894
1106.0326753276
1130.2303705069
1118.8647205344
1142.7770744993
1122.3982394988
1157.9953192642
1138.7984781681
1136.0328035131
1116.2252665378
1096.4013119738
1090.1197940437
1123.3566136676
1113.0788379218
1120.1660771849
1103.1005127125
1126.8033236775
1092.9203245312
1133.0623194053
1131.9479933364
1136.8284399592
1152.2712660053
1122.7540820303
1126.6693713134
1134.1073294590
1130.6897569306
1150.3343864748
1139.0670155371
1157.5265991193
1143.5489184140
1094.0731674644
1111.8350158758
1142.0557164080
1136.2046891619
1111.3430184722
1128.6448623449
1117.9050428059
1126.8165224455
1174.7028785844
1147.9517136706
1162.3049018024
1149.6158780771
1144.0367394125
1112.6426645067
1134.0981589291
1156.3911538935
1140.2431117740
1154.9156553891
1088.4725622548
1090.2819213308
1108.9286612464
1108.3319227478
1107.2295079965
1156.0692650796
1147.9465865093
1141.0518583590
1152.3389681566
1136.9505586446
1115.3395173104
1121.1322883394
1143.3238018608
1135.7638336160
1142.7146964322
1161.3969327466
1178.2080619138
1169.7913291757
1142.4818759792
1143.6612013214
1165.3704093013
1133.3206951909
1121.6901711867
1130.0773311274
1132.3874207891
1110.0519097454
1121.2874393834
1117.3878405522
1147.5510084640
1128.0682419539
1167.1262524396
1146.4534939173
