1315.9783134627
1263.0765522054
1278.8178095397
1276.5680767338
1301.6118492354
1298.9516322666
1288.3967142536
1277.8761245662
1306.8059229540
1286.7122984099
1295.7226524984
1272.3989633616
1294.4482125287
1304.9020730071
1274.5453733777
1273.0974440985
1301.4951443575
1303.9813551556
1295.5046322541
1243.6821797815
1312.6692603713
1267.4620895711
1282.2447630901
1278.1404999418
1279.4791933597
1253.5466122822
1283.1393354321
1306.7695406140
1313.5801375482
1315.7145763583
1293.2389968651
1293.2718778584
1312.9531784610
1340.6950041548
1309.6181160344
1303.5733987388
1290.6023788570
1314.9015724903
1306.6943148247
1291.6313728860
1284.7263657244
1306.3233286989
1329.9668555725
1286.5082387740
1304.6448993936
1302.5981199462
1306.3406108924
1305.6502030333
1300.1800157224
1307.5418274283
1300.4545863811
1315.2606159302
1323.3104059417
1293.6264017967
1307.1841484695
1303.5359385112
1298.9138242706
1326.9317149382
1321.0199747754
1304.2110716151
1296.3664851492
1303.4136882926
1285.2113971286
1294.5794244441
1289.4702921931
1278.8754783989
1351.0819898524
1353.0706401818
1351.6933878768
1374.2739335152
1421.6408319054
1367.8872006046
1395.9927067504
1421.9996212540
1387.5235484058
1393.3453159405
1430.3591802348
1451.5259859612
1436.8599935423
1436.1610902303
1450.0219661411
1458.7445231000
1425.8236653839
1448.1952094176
1417.5025038707
1452.2825536172
1432.1065483395
1441.8002291426
1417.3371782173
1432.0844632690
1414.0163301625
1432.7982483022
1410.1936008501
1396.0564839477
1417.4482401816
1428.3386018775
1411.1683495914
1437.2601062204
1435.4218783319
1402.6176574184
1400.5069094163
1418.5128887020
1447.7841154392
1419.5523357707
1429.1400709236
1423.8749997222
1453.2446723049
1419.0288720800
1438.4635353249
1433.2293116546
1448.9306149110
1454.3079156016
1441.0444703481
1419.9187052787
1407.0998390680
1441.4255898476
1451.5114129196
1419.8751811111
1427.4700215306
1451.7630025898
1420.8406753120
1429.6428641990
1437.2990630785
1432.2813664779
1421.3094365797
1437.4594917975
1446.2052496401
1455.1128679896
1425.8457577910
1460.3453936644
1427.0090100475
1447.7437571619
1440.1803240402
1449.5452767678
1455.3064884730
1463.6836101611
1470.0221852079
1450.4648976323
1418.4364914096
1448.3949238760
1437.5125110350
1442.4279093539
1423.5705660330
1426.5926153465
1440.1174086847
1436.5674292455
1439.5738410339
1426.5332371119
1431.7404625510
1424.0108776121
1420.5580732401
1414.6250728201
1425.7573711847
1436.7373878001
1448.1869643556
1425.1620900102
1450.4472108499
1431.1938934356
1408.2970344913
1415.2031006469
1447.7762383882
1460.3590493429
1444.3550658322
1428.6616249525
1439.3781427273
1423.2360146908
1426.6392334137
1453.0518490297
1449.2355528287
1438.6758339900
1447.6298451307
1418.0682004793
1422.8303943823
1422.3914145527
