d0	d7	d21
ENSMUSG00000020889	0.787136408998705	0.992156522616155	1.01063095143818
ENSMUSG00000002289	1.15145024280771	1.05607228886606	1.04891368008865
ENSMUSG00000058914	0.82093458135801	0.966502428290002	0.911520068717152
ENSMUSG00000022425	0.892422608996298	1.00310128691279	0.985764718565782
ENSMUSG00000032291	0.726052421810778	1.2474991348307	1.03668098105962
ENSMUSG00000003038	0.905296997825717	0.977199200574702	0.937705078912946
ENSMUSG00000030074	0.820763677900652	0.994788264386635	0.931410093865381
ENSMUSG00000047281	0.470334973845219	0.887290396984286	0.923921364956993
ENSMUSG00000034648	0.875101486084035	0.999610992364274	0.935139145550493
ENSMUSG00000059824	0.667489579575344	1.00620190544949	1.03609957884571
ENSMUSG00000039883	0.823632726334698	0.999967863594658	0.901593141153963
ENSMUSG00000027996	0.683320906593848	1.12759352353617	1.04244156671532
ENSMUSG00000037318	0.786948677033163	1.00732979598236	0.881202674058195
ENSMUSG00000035385	0.847871706482569	1.05601742950822	1.00800849753564
ENSMUSG00000023169	0.78425644227819	0.999044593847047	0.992797443955904
ENSMUSG00000027993	1.10795994970996	0.978610156374681	1.02175648069219
ENSMUSG00000035373	0.813587611565391	1.03264442278299	1.00745541668393
ENSMUSG00000020592	0.890265909492242	1.03742203651904	0.977683410381091
ENSMUSG00000041828	1.08365894188122	0.927634627471672	1.00270853550008
ENSMUSG00000024900	1.1172118073881	1.00795588533076	1.00301185585065
ENSMUSG00000018819	0.898501594943335	1.00458802683111	1.01323246255926
ENSMUSG00000032013	0.686695227006346	0.963569084831425	0.896486765691242
ENSMUSG00000068747	1.11499393924245	1.05123195476059	0.997460686828772
ENSMUSG00000026077	1.35896884082917	1.01363529514835	0.980323632349991
ENSMUSG00000053469	1.43331779693526	1.03579194256403	1.09837130885279
ENSMUSG00000024538	0.892152598705597	1.00592983088737	0.995315102183597
ENSMUSG00000060572	0.878134468992496	0.99920316676479	1.02703734208577
ENSMUSG00000006342	1.10637607878648	1.08197765198979	1.02017231938086
ENSMUSG00000030659	0.888498592055361	0.968274375465725	0.994232848165094
ENSMUSG00000027107	0.871896092066644	1.04307836857609	0.932484783213563
ENSMUSG00000052296	1.17789657260283	1.08981421210341	1.03713550571374
ENSMUSG00000066113	1.0975216492597	1.0383697833318	1.03375414914606
ENSMUSG00000025930	0.864879763642034	1.04618373637282	1.00536093645416
ENSMUSG00000034161	0.846051062297649	0.978964597939437	1.04429420364815
ENSMUSG00000039748	0.65379221075945	1.05887927074421	0.959681749079309
ENSMUSG00000055937	0.511740099295231	1.05469809421922	0.877638858670772
ENSMUSG00000036777	0.795149510781787	1.02162134191882	0.847817365459456
ENSMUSG00000094777	0.726578550998699	1.02325074587251	0.852952523118897
ENSMUSG00000024922	0.546814442117138	1.00980929656824	0.998964377178095
ENSMUSG00000026278	0.88350911771828	1.03246062171525	0.901318031973829
ENSMUSG00000025092	1.1078871667675	1.00224491427805	1.05252142675665
ENSMUSG00000035199	0.897876233424612	1.02420240168873	0.943287553266016
ENSMUSG00000001403	0.767102223134383	1.0267554173394	0.880321747526766
ENSMUSG00000037443	0.846850693723979	0.893708043183775	0.980843781961772
ENSMUSG00000037820	1.09318636392386	1.07138239968113	1.02485801819542
ENSMUSG00000025324	1.11651054513872	1.01770281215707	1.03905491702859
ENSMUSG00000020218	0.878510813626878	1.11792988380035	1.08873087133513
ENSMUSG00000017631	1.10058693687929	0.99048850420147	0.978262687039995
ENSMUSG00000037138	1.11161305203	0.897617067429969	1.12160030896394
ENSMUSG00000054675	0.865607813074389	0.983766940127433	0.995862425104667
ENSMUSG00000027239	0.838611770770965	1.00581860719521	0.952127059312805
ENSMUSG00000016128	1.10624059896107	0.999430819120679	1.03700229163487
ENSMUSG00000021994	0.732441468949772	0.993214559370764	1.10408013999503
ENSMUSG00000032218	0.797991776474711	1.01165712501229	0.860077062218438
ENSMUSG00000017716	0.752983467575947	1.0180377955696	0.791404173394766
ENSMUSG00000027326	0.648100897348587	0.989207787235415	0.806475760506932
ENSMUSG00000083405	1.19621171121892	1.10608290980303	1.04201406114526
ENSMUSG00000024049	1.13403408454429	1.0465663757181	0.996716281116403
ENSMUSG00000040152	1.08492360554082	1.00863383465677	1.06598209420514
ENSMUSG00000042436	0.903740498451458	0.972036569814286	0.985485735429727
ENSMUSG00000040204	0.71387985414438	1.00773795417665	0.902099935411193
ENSMUSG00000020357	1.15904691227592	0.965429887399779	1.10509371663364
ENSMUSG00000049517	0.872216346833345	0.980858303440843	0.949900688051666
ENSMUSG00000030732	0.914581800435366	0.829768035829545	0.963700425206343
ENSMUSG00000003660	1.11290021457446	0.997362549846049	1.01423838007057
ENSMUSG00000015880	0.680862254127473	0.985187200348203	0.813114752342916
ENSMUSG00000025140	0.784409729467473	0.990211374878393	1.03337578539529
ENSMUSG00000033792	1.1034846354997	0.965892596927019	1.01813379967628
ENSMUSG00000021823	1.08116868625309	1.0216857109297	1.0192563473071
ENSMUSG00000035557	0.375959063282023	1.10345635255618	0.897423365298116
ENSMUSG00000001131	0.843137756898027	1.01009130183738	1.06488608391596
ENSMUSG00000030677	0.721268907920428	1.00261294195065	0.827348260503594
ENSMUSG00000038170	1.10134180024517	1.01990146922972	1.0272199965769
ENSMUSG00000090035	1.18932987691817	0.992780126086804	0.992629489056356
ENSMUSG00000041347	0.863119186065981	0.980867501447966	0.941084591384068
ENSMUSG00000049516	1.07522102819308	1.02396466371692	1.02907526445518
ENSMUSG00000029313	1.15095622823294	1.02319596286147	1.0549256875616
ENSMUSG00000079523	0.816805493276633	1.05161002349385	0.951702034891072
ENSMUSG00000022371	0.816899349089361	0.99959607405889	1.00193994244111
ENSMUSG00000005611	1.12389538404231	1.04353629200659	1.00795798663986
ENSMUSG00000040433	1.09162102856669	0.984498839516502	1.02291659184835
ENSMUSG00000023505	0.745949836059214	1.00736507247239	0.836316321734131
ENSMUSG00000029380	0.922011816716108	1.00625703750189	0.974143914563081
ENSMUSG00000032518	0.870054612894616	0.99512914776856	0.971299181925887
ENSMUSG00000039959	1.14985253214753	0.974670239001197	0.993438880579817
ENSMUSG00000039523	1.0952996469934	1.0236611941536	1.05136700995851
ENSMUSG00000020649	0.854432083364235	1.01055161675631	0.984738024583733
ENSMUSG00000020788	1.11306021583519	1.01277608534409	1.01105859758804
ENSMUSG00000021775	0.918804315812656	0.995561124458834	1.02632961409622
ENSMUSG00000049641	0.871803433878234	1.01018739321367	0.94417908880127
ENSMUSG00000045128	0.817834757985406	0.968567808255468	0.964899386348678
ENSMUSG00000041431	0.810048274760208	1.03977445856558	0.821316012083113
ENSMUSG00000040648	1.12304942653795	0.971719123701913	0.993852933582428
ENSMUSG00000034354	1.10895176458761	1.00605850333708	1.04934155625537
ENSMUSG00000023232	0.86928379656053	1.0444741477775	0.933267870664869
ENSMUSG00000073557	1.11441991855035	1.03347498423826	1.00713415219584
ENSMUSG00000054196	0.782306456920495	0.985076107029891	1.00256939813779
ENSMUSG00000004508	1.15773204381825	0.979274697524664	1.04367822327652
ENSMUSG00000037709	1.18629629029521	0.993473927835503	0.971150581911187
ENSMUSG00000051879	0.315163208205945	1.0125898566782	0.851219528502281
ENSMUSG00000057454	0.572330273011294	1.05890571192385	1.01997362418338
ENSMUSG00000032262	0.808509555530362	0.94725523541933	0.9607402265884
ENSMUSG00000027715	0.838887977603743	1.01008892416206	0.804423921148631
ENSMUSG00000031519	0.922986973309936	0.998952419606981	1.00169365588383
ENSMUSG00000034731	1.16340466598558	1.02777863038712	1.0199282695473
ENSMUSG00000000567	0.910976389058311	1.0228509560682	0.967305032335601
ENSMUSG00000022676	0.866416386758219	0.96739151513774	0.961851171017594
ENSMUSG00000040952	0.922785015955244	0.971826103105644	0.95761008399739
ENSMUSG00000022324	1.08951298520565	1.04552671560873	1.01761192192038
ENSMUSG00000018604	1.16112563740968	1.0528181188532	1.01345697644306
ENSMUSG00000026100	0.66912271997689	0.899560482715072	1.22902822103881
ENSMUSG00000022464	0.779753280904708	1.08687292022585	0.993861403979697
ENSMUSG00000001506	0.915495927586111	1.01366022506898	1.00360663091681
ENSMUSG00000019907	1.17789769030865	1.08336497491253	0.964827016371684
ENSMUSG00000058230	1.1105049852523	0.992400784137408	1.00687185433961
ENSMUSG00000022801	1.10691827313103	0.974338638380586	1.00639915640908
ENSMUSG00000051339	1.15884320472452	1.04318412059462	1.05698281199937
ENSMUSG00000059291	0.910473631736043	0.976634449547838	0.953641139224096
ENSMUSG00000027875	1.12065134070874	0.952847008085013	1.03548189514826
ENSMUSG00000073700	1.08520821097241	1.05759597846427	1.0645613589161
ENSMUSG00000056851	0.754820065769811	0.991826751566859	0.94795882232916
ENSMUSG00000054641	1.10933733404296	0.973560103448263	1.09554362503594
ENSMUSG00000068220	0.904490764161317	1.02228753797248	0.965284626285655
ENSMUSG00000025574	0.810309008679119	1.02357113847007	0.968771323371083
ENSMUSG00000101939	0.473390912234641	0.511956324100412	0.865511796026151
ENSMUSG00000033306	1.08892051642533	1.02560636400726	1.0172151627226
ENSMUSG00000019820	1.24306003413167	0.981524519813369	1.0063172554537
ENSMUSG00000042988	0.737976153369564	0.974384579596135	0.998143098935489
ENSMUSG00000043940	1.15619738991993	0.977977725781733	1.04619929556411
ENSMUSG00000046352	0.791064390000676	0.980103723358581	0.984666637151874
ENSMUSG00000029174	1.10266988001581	1.02928286964927	1.04353509916224
ENSMUSG00000019966	1.09810756192862	1.04927643094987	0.99886444757731
ENSMUSG00000030084	1.11580719527092	0.973164930629368	0.978650445968846
ENSMUSG00000071856	1.16672543308602	0.913780052037244	1.02503360095345
ENSMUSG00000024978	1.33346644145664	0.883992399827463	1.01764819006725
ENSMUSG00000037805	0.905760300747506	0.994121433054096	0.957438996101351
ENSMUSG00000058325	1.09591817731507	0.981232993330154	1.01195722885661
ENSMUSG00000060548	0.900682421247767	0.966577443727744	0.997147581073477
ENSMUSG00000032289	1.14482646359498	1.02215837372619	0.997414710700437
ENSMUSG00000027208	0.821005739025013	1.06645409710373	1.02945878993932
ENSMUSG00000005268	0.703144342975345	1.09740892418358	0.959189175093278
ENSMUSG00000029417	0.769014261434342	0.968654983436586	0.980011562905196
ENSMUSG00000039787	0.875630259419511	0.973473295197219	1.04185724682335
ENSMUSG00000029708	1.11124114396459	1.02250405637914	1.02261538156023
ENSMUSG00000030306	1.23316271486473	0.995106591843305	1.09855521151989
ENSMUSG00000031962	0.912577509779862	1.01219202912436	0.933575002653593
ENSMUSG00000047786	0.851789594054182	0.986954259434847	0.898406713614944
ENSMUSG00000049685	0.381455795313764	0.755466489885361	0.973984801898187
ENSMUSG00000054146	0.397645736666547	0.798420717118269	0.972507737267023
ENSMUSG00000024521	0.885546293826953	1.05901040589753	0.955074046794659
ENSMUSG00000061397	0.782039747157273	0.873496033575037	1.05530683111685
ENSMUSG00000035831	0.357017725720628	1.03312110015955	0.991541025054371
ENSMUSG00000027306	0.801178343830797	0.994933876903388	0.871919890086655
ENSMUSG00000008683	0.894522572176258	0.987209100282944	0.952874047603654
ENSMUSG00000050315	1.09824719635557	1.03893481818394	1.00843493795864
ENSMUSG00000042607	1.14240319626972	1.05793621567743	1.01375170007095
ENSMUSG00000032198	1.21540754331153	0.989209153435904	1.0429732179188
ENSMUSG00000025213	0.865564442407651	1.02644972860446	1.06047948308896
ENSMUSG00000021375	1.11019681490409	1.02070946531496	0.986881867420396
ENSMUSG00000024048	0.904736425976912	1.00230402022036	0.980164733860594
ENSMUSG00000084897	0.592404911174653	1.10819590467024	1.0026973352373
ENSMUSG00000022893	1.06716902785625	1.01395520393843	1.01715801350082
ENSMUSG00000063661	0.41557535194262	1.00259145540282	1.01753675470531
ENSMUSG00000074129	0.874254646810691	0.990816489678106	0.95923431933373
ENSMUSG00000037486	1.10322922585371	1.02951843468561	1.04001325414414
ENSMUSG00000047675	0.918959595441799	0.986850385475748	0.959695723169678
ENSMUSG00000001025	0.89018009090144	1.02014522869982	1.01207230379808
ENSMUSG00000063632	0.767633743858481	1.00294555287065	0.903969359871162
ENSMUSG00000023977	1.10584424175123	0.981376244731097	1.01570757611717
ENSMUSG00000078937	1.29198937430426	1.03563131782422	0.953575674082706
ENSMUSG00000027716	1.10186622251143	1.05635938379918	1.02167404490845
ENSMUSG00000048327	0.839193141716774	0.993979447230134	0.84445711129547
ENSMUSG00000054203	1.26214960582577	0.98536255688629	1.03797894658226
ENSMUSG00000038550	0.84919189052995	1.03703426761964	1.0648221931905
ENSMUSG00000020583	0.871319377072904	1.11974103054238	1.15384225272058
ENSMUSG00000048232	1.10817131351816	0.995992879095202	1.00512679840608
ENSMUSG00000029177	0.837205521710397	1.0108076370035	0.910286688730427
ENSMUSG00000019731	1.09222529083628	1.00902052409857	1.0675348243038
ENSMUSG00000027533	0.875588125131517	0.993795658735952	0.988611121790886
ENSMUSG00000042046	1.11882834098902	1.01549555136717	1.02131880414529
ENSMUSG00000059898	0.615394694031655	1.02670391863096	1.02256016242519
ENSMUSG00000007817	1.14277059989518	0.98961036404181	1.01498309412911
ENSMUSG00000070990	0.565487625508109	1.07961096024807	0.944914194839549
ENSMUSG00000006058	0.906634487742259	1.00972811087735	0.988302553525409
ENSMUSG00000025241	1.11569873530154	0.997249990052044	1.0181187035207
ENSMUSG00000045545	0.421079885680417	0.72853576813074	0.907287962099734
ENSMUSG00000004473	0.906489862395883	0.997334459487949	1.05105023541414
ENSMUSG00000033396	1.15437513198065	0.957985759981994	1.00420491315066
ENSMUSG00000062997	0.888805335219565	0.98279684078404	0.956578370381435
ENSMUSG00000033453	1.13697905050897	1.00623263131581	0.993628461577641
ENSMUSG00000042129	1.25986496377506	0.954194534096289	0.980836258680476
ENSMUSG00000022510	0.834415154614952	1.01883848197673	0.951057808734212
ENSMUSG00000032548	1.17106594433581	1.02641005818309	1.10174355504155
ENSMUSG00000024251	1.18743369426907	0.982407694909684	1.01781112739896
ENSMUSG00000022440	0.839131709987683	1.00399625665035	0.923602201513456
ENSMUSG00000070738	1.09846130153991	1.01010942306744	1.01445528629284
ENSMUSG00000029304	0.902428761115024	1.08848087724568	1.03528845403891
ENSMUSG00000026924	1.14990463511685	1.01071894604894	1.04346237346394
ENSMUSG00000024660	0.769891127870071	1.00004268555778	0.939184834486162
ENSMUSG00000045573	1.13584413877364	1.20469863856154	0.929943518162424
ENSMUSG00000003435	1.17403835558575	0.957594298286293	1.08824052942926
ENSMUSG00000051118	0.829955201717746	0.972373501714125	0.929994669405069
ENSMUSG00000071415	0.912916245346823	0.978935483133569	0.960241830815923
ENSMUSG00000079020	1.10793829715771	1.03483284231464	0.989628458367189
ENSMUSG00000037725	0.84018519002347	0.995981913531178	0.898365496263527
ENSMUSG00000031328	1.093523506405	1.03761737376511	1.0226884047757
ENSMUSG00000004677	1.12547220590637	0.997201743924436	1.00895243886432
ENSMUSG00000061048	0.761772341151899	1.04817236502868	0.970147663998695
ENSMUSG00000037415	1.10575892527045	1.00137042236962	1.0309099113761
ENSMUSG00000039470	1.16263345323474	1.04037458912141	0.998057950943098
ENSMUSG00000039620	1.36740760395621	0.972314957178937	0.987525644971544
ENSMUSG00000038244	1.1057701741236	1.07941166533262	1.00778336445493
ENSMUSG00000005952	1.11072786175713	1.06899465823938	1.02049207698573
ENSMUSG00000037568	0.830864418461185	1.03677793526754	0.987012474003774
ENSMUSG00000040506	1.1077820285008	1.02875388611083	1.05473737603434
ENSMUSG00000048922	0.77892512348067	0.977597654847598	0.866487404060023
ENSMUSG00000078886	0.804333804469823	0.961689753922147	0.914516333712497
ENSMUSG00000101645	1.48872941770607	1.18134784046304	0.966958664236669
ENSMUSG00000024163	1.13092533720108	0.976171502309546	1.05838063982621
ENSMUSG00000020741	1.11944165382731	1.00724650243968	1.02936188526567
ENSMUSG00000028234	0.900793306791198	0.993173330956797	0.955050362518861
ENSMUSG00000034235	1.11764317040549	0.937189265913219	1.01571143596084
ENSMUSG00000079013	0.567643962271239	0.775529967464575	1.00853892739074
ENSMUSG00000061477	0.909095911701948	0.984803771865275	0.952848276047313
ENSMUSG00000024791	0.737823324853219	0.972540463796045	0.860231451542752
ENSMUSG00000041341	1.14669879197083	0.9969306437738	1.02210956098823
ENSMUSG00000090958	1.10280911097311	1.0689324516306	1.04808380983659
ENSMUSG00000040212	0.913613879411038	1.01881050658405	0.998268765097344
ENSMUSG00000051397	0.515597859377368	1.0199874128237	0.91013767084363
ENSMUSG00000060636	0.910376110762798	0.989575268019084	0.950062687295243
ENSMUSG00000066364	0.561131325887739	0.757785757350051	0.892187262498017
ENSMUSG00000028640	0.588143416838342	1.03894534485169	0.911974757474496
ENSMUSG00000047419	1.30104921475008	1.05262454013222	1.14810282023419
ENSMUSG00000041528	1.09545711159307	1.00653388156994	1.02868003518395
ENSMUSG00000029061	0.88921278473581	1.0194471020131	1.07435205536552
ENSMUSG00000079243	1.11483896776338	1.05390499665023	0.999045135407326
ENSMUSG00000003226	1.091860890943	1.00595345283251	1.03049403701289
ENSMUSG00000058558	0.907449594444771	0.988106699325416	0.958797792571326
ENSMUSG00000041741	1.08647942156762	1.04217560649842	1.00470536269089
ENSMUSG00000027015	0.859219831722865	0.994116304543687	1.12404105455797
ENSMUSG00000051910	1.15581967423811	1.06854519560833	1.10135060217855
ENSMUSG00000041797	1.10411460107872	0.945620615102701	1.02163558301804
ENSMUSG00000029683	0.796288021985454	1.00253851423492	0.858032198670435
ENSMUSG00000040797	0.833176470980938	1.01527923932751	0.925647278196056
ENSMUSG00000020196	1.09824592311367	0.999656541624835	1.00079692048331
ENSMUSG00000060962	0.573189554064663	0.875092724865161	0.918591092154585
ENSMUSG00000015750	1.11358591857779	0.968209092677522	0.996589362391203
ENSMUSG00000031273	1.17420111242231	1.08140210090978	0.989572558091726
ENSMUSG00000019932	0.911438897596936	1.01921887692805	1.06562134922227
ENSMUSG00000022483	0.875941771730472	1.03960403607994	1.0541720979899
ENSMUSG00000067288	0.884198367022089	0.971937107832675	0.954367915563092
ENSMUSG00000002343	1.16600257589022	1.01715079292085	0.975991433814735
ENSMUSG00000070436	0.92094431778295	0.990562025367588	0.980822181719556
ENSMUSG00000079641	0.886177305849219	0.988967431147908	0.932591947711353
ENSMUSG00000046330	0.899491947181879	0.986909738631452	0.95130152771973
ENSMUSG00000025794	0.908194392012492	0.989334580674188	0.960306185500733
ENSMUSG00000027678	1.10870385290711	1.02228672646046	1.0764850296831
ENSMUSG00000058427	0.807838889682525	0.97263727546344	0.989664934000553
ENSMUSG00000029009	1.1200627111132	1.04528976303509	1.08941169106417
ENSMUSG00000034525	1.14685778612681	0.963752726786009	0.994875215223919
ENSMUSG00000052934	1.10003228421402	1.0042055900828	1.04041316672925
ENSMUSG00000031230	0.821155349998293	0.969783291763793	0.914310019845314
ENSMUSG00000021469	0.723625215178669	1.07080399523178	0.979556376919998
ENSMUSG00000043557	0.777019615227546	1.04939843428424	1.18536631168964
ENSMUSG00000020576	1.11953491536716	1.00405770082537	1.02550041967023
ENSMUSG00000045790	1.10539378717652	1.03807222294615	1.05684477267558
ENSMUSG00000027524	0.876253458454795	1.03029076332989	0.9100544041324
ENSMUSG00000022840	1.09454351731797	1.06870281917409	0.973376524999468
ENSMUSG00000026574	0.871711660161513	1.04051284685858	0.895999177894009
ENSMUSG00000034055	1.11045605216786	0.983137085548975	1.04366214957363
ENSMUSG00000025362	0.874499042041935	0.985293824271674	0.925650919113699
ENSMUSG00000021643	0.870350360965273	0.991143670260457	0.980600921856157
ENSMUSG00000041841	0.883564919532539	0.97672686782319	0.938167822023823
ENSMUSG00000033209	1.11806152446637	0.956637877791819	1.02428805181249
ENSMUSG00000021273	0.908598956180825	1.03475688800519	1.03312352591142
ENSMUSG00000036745	1.10286128518228	1.02856229840259	1.00375159005426
ENSMUSG00000060913	0.750942669107757	1.05011621743314	0.959566411059784
ENSMUSG00000039452	0.866081226463962	0.991357264863877	0.982181674618533
ENSMUSG00000074476	0.783836731639082	1.01528096973624	0.900794924943605
ENSMUSG00000002769	0.620320166706596	0.953478734618811	1.0266007405776
ENSMUSG00000047036	1.48368837831545	0.952504559566562	1.03569455912007
ENSMUSG00000056328	0.708562883704313	0.983978442727635	1.13936496047315
ENSMUSG00000032911	1.0997611319327	1.02782593582756	1.01071523016113
ENSMUSG00000028347	0.827687901521929	1.04260146639811	0.974019182782944
ENSMUSG00000041949	1.14662282174353	0.986154463921148	1.01712828431473
ENSMUSG00000014303	0.902227037308692	1.09639893920662	0.986883536185641
ENSMUSG00000034892	0.884488957784564	0.980134808719763	0.947077936722572
ENSMUSG00000030672	0.831840261090795	1.0423532261147	1.07090601830647
ENSMUSG00000029414	0.743321431070273	0.977720081954418	0.905313037130898
ENSMUSG00000073403	0.824701978101292	1.01465766949865	0.976830056500917
ENSMUSG00000022986	0.624350918265464	1.00721268628585	0.705926164376612
ENSMUSG00000035948	1.14669027481137	1.01534162179952	0.943532460480947
ENSMUSG00000021277	1.13029225462448	1.03270888560313	0.997136803594222
ENSMUSG00000032068	0.761807463737721	0.983791735360476	0.859960215844773
ENSMUSG00000029587	1.11884244781874	1.00013961075401	1.04478371996281
ENSMUSG00000020216	0.840472956320203	0.991408952913147	0.942812941582692
ENSMUSG00000029720	1.10864786697716	0.982388523003539	1.00066223735435
ENSMUSG00000017724	0.842534105481033	1.0400529575016	1.01742317121733
ENSMUSG00000024011	0.806122600297464	0.865423919457802	0.997277733479487
ENSMUSG00000034126	1.14988551492661	1.02101643992984	1.02530291270461
ENSMUSG00000001504	0.638980136649136	0.92677332968747	0.93848540404855
ENSMUSG00000031385	1.12841517771235	1.05378365204757	1.07494648136075
ENSMUSG00000004347	0.866738605173084	1.00076504420206	0.956546441302731
ENSMUSG00000019984	1.13891626508174	1.01439283387445	1.00693088513601
ENSMUSG00000035181	1.11994584749804	1.04071101753443	1.04574223269198
ENSMUSG00000037601	0.907797587168259	1.00843029371398	0.985368482539429
ENSMUSG00000025266	1.12242052766647	0.975039067419534	0.997089300534921
ENSMUSG00000043456	1.09909374291347	1.05996216012036	1.02258905990501
ENSMUSG00000041219	0.831824250668159	0.988337002114889	0.907533396662535
ENSMUSG00000017588	0.625137246956188	1.00445164571936	1.01472553115459
ENSMUSG00000026039	0.800966887295458	0.996840457258864	0.859265775757081
ENSMUSG00000024378	0.892849569884401	1.05803357225614	0.963095647811092
ENSMUSG00000092329	1.16863271086293	1.02946870950269	1.0105507220927
ENSMUSG00000024066	1.25086615282279	0.997231535411308	1.07650520515537
ENSMUSG00000060935	0.902160385514821	0.978719319541008	0.963966239198747
ENSMUSG00000056900	1.1978578957263	1.05902344582103	1.03028277785491
ENSMUSG00000020897	0.803726337068993	0.987753625678828	0.819908802166949
ENSMUSG00000005220	0.701372267074181	1.19730620100713	1.07034095837683
ENSMUSG00000078684	1.12819739809689	1.00458608096279	0.978411973079316
ENSMUSG00000037999	1.10124034543636	1.04379634174789	1.01852832408123
ENSMUSG00000022033	0.843743384414983	0.979816792561993	0.763113184465915
ENSMUSG00000009927	0.878514449543178	0.977247049770893	0.950298308965838
ENSMUSG00000061816	0.855230230174993	1.03223034069407	1.05235690558349
ENSMUSG00000004098	1.08738239920761	0.98268554241433	1.0059681017509
ENSMUSG00000027962	0.915356519631249	1.00356659526727	0.967292849551711
ENSMUSG00000038718	1.14888428125101	1.00550057949854	1.00985208813327
ENSMUSG00000104063	1.12360777158366	1.01670690392529	1.0914384530884
ENSMUSG00000040564	0.771120481962147	1.00756121109756	0.814682334065384
ENSMUSG00000051278	1.39592497921685	1.03403891892141	0.948074758016604
ENSMUSG00000090733	0.892463638217862	0.968296802755748	0.973513607526219
ENSMUSG00000006576	1.11036408067349	1.06268510887901	1.02716723442153
ENSMUSG00000098428	1.43487292781525	0.994153293557543	0.963646154740354
ENSMUSG00000027878	1.1089352961024	0.986875721686103	1.0152858182491
ENSMUSG00000034394	0.7959753233113	1.02633910305929	0.961261144125422
ENSMUSG00000026971	0.785116453546661	1.06604587928187	1.12463655217396
ENSMUSG00000035969	1.1155316064172	1.02018879497417	1.05575243683509
ENSMUSG00000019848	0.876133271550916	1.02710643487537	0.959182587461517
ENSMUSG00000039414	1.2056145824127	0.988086951985459	1.02095861335156
ENSMUSG00000002831	1.13428176344632	1.01811429701766	0.936392242233488
ENSMUSG00000028936	0.89899996893153	0.989155294620953	0.946745223437012
ENSMUSG00000027985	0.784109832103815	0.952602865179978	1.03724815077968
ENSMUSG00000042029	1.19590434644999	0.980245162117669	1.02214602553063
ENSMUSG00000030303	0.817647471197827	0.958693328072733	0.892830826382272
ENSMUSG00000038319	1.10141791700959	1.07416692551346	1.00683965207916
ENSMUSG00000042045	0.789428293316576	1.06170479933176	0.952227097846846
ENSMUSG00000069272	0.750862307081585	1.02888336629536	0.884404486202273
ENSMUSG00000022479	0.572217082986152	1.1382443685129	1.13100099447946
ENSMUSG00000053965	1.13698484131854	1.01410050062968	0.884777398107907
ENSMUSG00000005871	1.11735496708029	1.02382917829719	1.01385002164039
ENSMUSG00000092586	0.728168534693826	1.02238375449938	1.06111871502551
ENSMUSG00000025105	0.705392801149876	1.00786625581761	1.06991946771829
ENSMUSG00000042306	0.694558367215728	0.970149918917745	0.970810741574149
ENSMUSG00000036568	1.13368212417018	0.954346151212238	1.00589119162899
ENSMUSG00000039298	0.881435608716992	1.01318297855837	1.00135686082787
ENSMUSG00000018893	0.860617822890272	0.994275003884964	1.00903080240736
ENSMUSG00000102697	1.21968820660629	1.01606814191637	1.1075568189725
ENSMUSG00000031907	0.776925475258081	0.980224347066651	1.03280468243008
ENSMUSG00000015944	1.12766505524724	0.983527014786357	0.973830571497842
ENSMUSG00000033039	1.16401281802131	0.988026649284807	0.989408628559285
ENSMUSG00000027668	1.11450174375688	0.96456012226631	1.04211561864915
ENSMUSG00000024451	1.193033394174	1.00581901432479	1.06641742028283
ENSMUSG00000003355	0.86708677776674	0.986160559709749	0.950994537278788
ENSMUSG00000071019	0.660826794887522	0.87509410675417	0.943236475707115
ENSMUSG00000047501	0.678605172860841	1.061202842003	0.925062908862178
ENSMUSG00000025202	0.686603149112801	1.01680505255375	1.03429276666691
ENSMUSG00000029577	1.1016297574788	0.976261159547694	1.02493718922274
ENSMUSG00000040537	1.10955024485591	1.02082803467483	1.01161351347434
ENSMUSG00000036529	1.12251967144602	0.966729120554876	1.00227115248477
ENSMUSG00000026413	0.772143036622359	1.09530931824945	0.884815977158169
ENSMUSG00000025747	0.857697847598081	1.00606257673576	0.904141711779106
ENSMUSG00000034684	1.10806274241739	1.01647809030848	1.0447294376423
ENSMUSG00000089960	0.68491036949172	0.842622902619649	0.882719133614088
ENSMUSG00000031103	0.884639106618707	1.00265899093146	1.06114177990636
ENSMUSG00000047821	0.887932870300253	1.04336219485024	1.05679230793238
ENSMUSG00000020914	0.869372761823108	0.991159453300126	0.85332649913927
ENSMUSG00000069441	0.664652396473221	1.00086517913002	0.964235022492644
ENSMUSG00000024678	0.890341722410573	0.988105916242114	0.997184915841926
ENSMUSG00000002020	1.20287490927856	1.01068481606982	0.940955530678299
ENSMUSG00000067006	0.502798631668952	0.992218513378776	0.905448180755192
ENSMUSG00000002032	1.19265085568569	0.941556289903737	0.966535878933259
ENSMUSG00000057278	0.890482924117454	0.987071161538641	0.950131387695191
ENSMUSG00000024542	1.24839405490603	0.945692726548455	0.988606598216477
ENSMUSG00000052909	0.821824629551639	0.959152364418389	0.989125267801212
ENSMUSG00000026955	0.822320353024915	0.978085845363944	0.927129435374314
ENSMUSG00000041261	0.857865272107666	0.980374641336637	1.03388991289512
ENSMUSG00000030814	0.895886941883176	0.993943987893815	0.94604360911255
ENSMUSG00000069919	0.803579651104218	0.934179597528429	1.09322286155535
ENSMUSG00000026414	0.814633450212207	1.04877305257175	0.948091901460037
ENSMUSG00000034634	0.738534909040796	0.93930897716848	0.909439214944129
ENSMUSG00000044447	1.13659033861891	0.972279526347167	1.00553740624829
ENSMUSG00000040697	1.16064793817673	0.99111499160358	0.972501501786824
ENSMUSG00000079588	0.837189153544174	1.04933131410307	1.07330899002318
ENSMUSG00000025991	0.64700862973845	0.99498669906046	1.09958587760062
ENSMUSG00000020953	0.890830757780564	1.11674222322463	1.12469994374283
ENSMUSG00000020061	0.880957572862874	1.02667824730452	0.975186704599116
ENSMUSG00000012519	1.15442589416786	1.00315103313551	0.989857479750224
ENSMUSG00000021214	0.713240855793759	0.790698863426502	0.599313801022239
ENSMUSG00000028678	0.819392634187463	1.0204488604505	0.864183773499596
ENSMUSG00000028150	1.20904519239951	1.07350850783022	1.02940435049822
ENSMUSG00000027864	0.857624715152169	1.02149522490046	0.937623417479813
ENSMUSG00000027650	1.12209911245094	0.971374544254045	0.985123475571148
ENSMUSG00000037110	1.1509872464114	1.00441904349023	1.02611867342642
ENSMUSG00000032777	1.13801586100016	1.01086493632319	0.99567959706097
ENSMUSG00000002055	0.832462952370914	0.959639496905858	0.848476630538297
ENSMUSG00000032480	1.12627778729444	1.01302136652296	1.00694365394766
ENSMUSG00000033491	0.889457956923257	1.03028068187616	1.08674788659521
ENSMUSG00000062248	0.861372707001086	0.982620997853121	0.934309442018497
ENSMUSG00000033083	1.14365619451853	1.06314007268594	1.01768705292984
ENSMUSG00000020330	0.845832504034821	0.997709060914745	0.836441877721145
ENSMUSG00000021614	0.893926367536072	0.991504427250573	0.936017098483299
ENSMUSG00000022376	1.28322262676353	0.882123784076715	1.20082141748252
ENSMUSG00000030816	1.11445553937326	1.00823687442172	1.0391838239453
ENSMUSG00000050505	1.11485132875314	1.03181060997952	1.07767845468415
ENSMUSG00000035799	0.873924215356513	1.0330001155773	1.02945956946219
ENSMUSG00000049739	1.16782571134837	0.95789897690234	1.01428976172274
ENSMUSG00000041845	0.869117063527957	1.02785170376955	1.07296934304374
ENSMUSG00000045980	1.11431785204443	1.00454743478836	0.999511328351858
ENSMUSG00000027469	0.860205012613345	1.0043881895542	0.855977927633885
ENSMUSG00000041975	1.13549765491249	1.03708542628819	0.991890459173596
ENSMUSG00000053646	1.14041458855509	0.988674177695144	1.00313259977278
ENSMUSG00000050271	1.13235986375099	0.99905547705214	1.08748793577536
ENSMUSG00000022263	1.11501662476035	1.01742699557942	0.94170519192384
ENSMUSG00000030433	0.868696809717742	1.05000497446384	0.948191010519101
ENSMUSG00000038155	0.879103482969989	1.00111746694653	0.928599600329983
ENSMUSG00000097808	0.879103482969989	1.00111746694653	0.928599600329983
ENSMUSG00000006649	0.820329378183281	1.00093760393341	0.948781236879672
ENSMUSG00000028532	1.13863776727994	1.00281402600421	1.02232336608451
ENSMUSG00000038766	1.1428517484743	0.942993984550285	1.0165383298585
ENSMUSG00000057722	1.10126728837018	1.06351199697644	1.12113437129417
ENSMUSG00000009394	1.16288013182509	0.936671721253309	1.01399842423805
ENSMUSG00000039662	1.12680078519326	1.01592483803474	1.03002104519338
ENSMUSG00000020701	0.806358982551919	1.13697837442236	1.017173500767
ENSMUSG00000023391	0.660683653320484	0.964087003834956	1.1351167673603
ENSMUSG00000030867	0.850423822277294	1.02777917562562	0.88579243288082
ENSMUSG00000038024	1.18652045714731	0.895164868766667	1.04328089305013
ENSMUSG00000046380	1.19542693215208	1.0262773907795	0.975642109799889
ENSMUSG00000045328	0.868582552460659	0.991809337807727	0.907078322382395
ENSMUSG00000026669	0.80183434028164	1.00092054179246	0.913520907239944
ENSMUSG00000032115	1.11234719945463	0.990648402620236	0.99406637993829
ENSMUSG00000032172	1.30703521969375	0.749389714439186	1.26030882435953
ENSMUSG00000028976	0.778683160727596	0.974519101300346	0.999880966731961
ENSMUSG00000028348	0.796681138524218	1.09581619984096	1.10473909096704
ENSMUSG00000019880	0.803006501577568	1.10622255764898	1.03118108766845
ENSMUSG00000030739	1.11086390913459	0.746023362543774	1.04598882532407
ENSMUSG00000001150	1.1162803674693	1.03415444892372	1.01988315704076
ENSMUSG00000027580	1.12466218927143	0.964814964812519	1.00495353616089
ENSMUSG00000032852	0.744457213799563	1.03767944242914	1.0531034854948
ENSMUSG00000036208	1.12963035188827	1.01161422182521	1.00847072995413
ENSMUSG00000030166	0.883971212517611	1.02177128810321	1.02499898476006
ENSMUSG00000028246	1.17893924319091	0.933405777303078	0.964668123828159
ENSMUSG00000019942	0.860262290079407	0.999217608221912	0.816276465180039
ENSMUSG00000020722	0.850812537785013	1.07541474590181	1.02872887740933
ENSMUSG00000041037	1.14733548650441	1.02431652679424	1.02875624123872
ENSMUSG00000034906	1.14754085910417	0.997882616250048	0.919549698348706
ENSMUSG00000073940	0.795489060938595	0.937171122559062	1.08977519632791
ENSMUSG00000051351	0.892366761529515	0.917016001591515	0.995994405180235
ENSMUSG00000023868	0.879651072277921	0.956989385033776	0.962369149101922
ENSMUSG00000020407	0.889228484365083	1.09040071715481	0.92719746693661
ENSMUSG00000069227	1.16859305179554	1.02254066309898	1.00031645148283
ENSMUSG00000036306	0.850377185204706	1.04174551007463	0.993635388836172
ENSMUSG00000053522	0.733851121536982	1.01646107587208	0.86271892420875
ENSMUSG00000034435	0.891206345325651	1.00659691497372	1.01312184642256
ENSMUSG00000021071	1.20734580271835	1.03377261338488	0.991817305395764
ENSMUSG00000040612	1.16348836115794	1.11077555783817	1.00032848309245
ENSMUSG00000027356	0.688835130149749	0.989064013854978	0.783124515790369
ENSMUSG00000032254	0.873165218784333	1.01323376449211	0.893821021247351
ENSMUSG00000040310	0.839081900604895	1.07677424806618	0.958602380669246
ENSMUSG00000022015	0.799052479195279	1.0526818597805	0.953355264321658
ENSMUSG00000040102	1.13087714099253	0.967066793161009	1.01166324257727
ENSMUSG00000031891	0.838691396982125	0.950933550712708	0.929418632469101
ENSMUSG00000054293	1.22646452024544	0.962044766059566	0.986156998659588
ENSMUSG00000022523	0.825122769259235	0.907749330161002	0.912028785090358
ENSMUSG00000029153	0.862505211104103	1.05541861781374	0.928576916227306
ENSMUSG00000033419	0.773752868237841	1.09045989039858	0.956526356598069
ENSMUSG00000021604	0.706632951527761	0.96369347656854	0.822572922138192
ENSMUSG00000034832	1.11189076156487	0.990070408098216	1.0694135636117
ENSMUSG00000047757	0.853955334085594	1.00070178085163	0.984741338069933
ENSMUSG00000034310	1.15383211145908	1.09477139135876	1.00144052642812
ENSMUSG00000027869	0.703785913264315	0.930073089729814	0.946224840664715
ENSMUSG00000019761	0.880484249957748	0.966584121846702	1.03032473514579
ENSMUSG00000069515	1.10662797732565	1.08650040895258	1.07491283147558
ENSMUSG00000004698	1.20359283776906	1.03596484162158	1.00488484471741
ENSMUSG00000067038	0.839705535250209	0.970260825470369	0.93079189494276
ENSMUSG00000039481	0.864874933408272	1.07746656327619	0.978743415110181
ENSMUSG00000041476	0.775068845418255	1.066869176675	1.07504994276973
ENSMUSG00000052316	0.82108529049688	1.06391424534314	0.986443434357714
ENSMUSG00000034573	1.12639383173111	0.998516995067751	1.04216894674131
ENSMUSG00000022421	1.11173433500826	1.03045018513236	0.99244164078144
ENSMUSG00000101439	1.23079082304487	1.03972862394165	1.12661567393499
ENSMUSG00000038970	1.13164741543981	1.01522567181047	1.05228918950224
ENSMUSG00000019732	1.17396272727896	0.999819916855603	0.978322868192982
ENSMUSG00000068115	1.12046215310887	1.02465005823487	1.01049577575792
ENSMUSG00000000861	0.764477824196246	0.967248129643402	0.921260726166102
ENSMUSG00000001228	0.814838845160693	1.01928145959923	0.98134058456093
ENSMUSG00000001655	0.791853591381403	0.97664583975665	0.969573908891729
ENSMUSG00000021720	1.17767635254105	1.02160218215521	1.01216876366496
ENSMUSG00000079362	1.26037506728196	1.11756875762228	1.32855882661845
ENSMUSG00000028407	0.876749913162255	0.989320700235755	0.940098505297959
ENSMUSG00000032783	0.820238490879265	1.00460200751369	0.882656946099775
ENSMUSG00000024471	0.844091122212983	1.00733898144399	1.06244335348929
ENSMUSG00000080268	1.13334705274066	1.00552472604395	0.956068000462431
ENSMUSG00000050359	0.819459386620272	1.00797425931942	1.10097047833615
ENSMUSG00000042340	0.889877085687562	0.956854586738846	0.974453233990088
ENSMUSG00000025064	0.843585366332552	0.984827928109728	0.945413450208273
ENSMUSG00000001604	0.866778890187465	0.922358709186712	1.00669149932212
ENSMUSG00000003644	0.875180732247113	0.994285599022848	1.00594188262812
ENSMUSG00000031312	0.802778548769749	1.05838554985313	1.07429916396317
ENSMUSG00000032356	1.20023108068379	0.975133175830923	1.0084098500071
ENSMUSG00000026822	1.1571155752887	0.997987467498802	1.02934836720719
ENSMUSG00000060012	1.22441962431275	0.977504054216397	1.19401597804265
ENSMUSG00000043430	0.688213161811348	0.93078167197153	0.785041654348707
ENSMUSG00000034303	1.20509062051703	0.990134113162058	1.21151537831496
ENSMUSG00000042453	1.1093982020511	1.00256672757234	1.09811507107788
ENSMUSG00000067219	0.856718827213785	1.0153285918337	1.00978267974432
ENSMUSG00000073490	1.14887749708357	0.951574032505518	0.999448434476454
ENSMUSG00000041229	1.1089958984306	0.986386714889537	1.05230390013897
ENSMUSG00000036298	1.18347955439697	0.957672258866267	1.01139735535779
ENSMUSG00000039747	0.892438117469375	1.03485589941198	0.958353970014472
ENSMUSG00000036281	1.12839580041646	0.962179934579858	1.06023576698383
ENSMUSG00000004864	0.785892793179792	1.01304300976901	1.05108254494455
ENSMUSG00000030110	0.884962106306993	1.03160868618708	0.944512511298202
ENSMUSG00000095432	0.840142400874884	1.05412442752221	0.975052936922715
ENSMUSG00000061527	0.432069944217221	0.883138201334597	0.905709261237159
ENSMUSG00000024084	0.889607086421036	1.01224644771085	1.03124873817734
ENSMUSG00000024112	1.11110903155381	1.039687027653	0.976743614173951
ENSMUSG00000057948	0.862944101015352	0.988046327856976	0.984176986713181
ENSMUSG00000048251	0.745763788236262	1.02564164130745	0.977849094018723
ENSMUSG00000037188	0.723245456512141	0.982088376626935	1.01536807174113
ENSMUSG00000027636	0.860720763162206	0.980840331372786	0.968740901706329
ENSMUSG00000010080	0.827169419302602	1.02427757647687	1.00691646361838
ENSMUSG00000050558	0.805308289067658	0.916925992220814	0.925289182717303
ENSMUSG00000031821	0.841278454554854	1.03326208527574	0.862495945253141
ENSMUSG00000041782	0.826220138890965	0.983331044709516	0.970740048436022
ENSMUSG00000038745	0.810688532600818	0.978894965537304	1.12514249924878
ENSMUSG00000021569	0.835702063702985	1.02339403716366	0.862575310565846
ENSMUSG00000003824	0.887867158425998	1.00789144696486	0.960256446729475
ENSMUSG00000048373	0.646220709235198	0.969928890748715	0.798006734083991
ENSMUSG00000026407	1.25606793645805	1.11467723596131	1.18739245518375
ENSMUSG00000025429	0.875930634704063	1.01947035504526	0.939622428081658
ENSMUSG00000038233	0.845131585506956	0.995059201499283	1.12095651811883
ENSMUSG00000044927	0.88734414023957	0.991109241396827	0.912562543780208
ENSMUSG00000082361	1.20913459742439	1.07900586547784	1.07125695258383
ENSMUSG00000039697	0.875638805912803	0.980566847080581	0.867786674567256
ENSMUSG00000045777	0.882818040301686	1.07939935396475	1.06575832681091
ENSMUSG00000049382	0.792945245477914	1.07025640016291	0.811403896884821
ENSMUSG00000015396	0.844309176519397	0.898398068262897	1.08711774104017
ENSMUSG00000005251	0.535778376125784	0.963487029047463	1.00671655748564
ENSMUSG00000051977	1.1288148135555	1.01145181790892	0.966434819794454
ENSMUSG00000096544	1.19691775337078	1.03038839583226	1.05606512655791
ENSMUSG00000102752	1.196309185588	1.01478061800014	1.08095541461083
ENSMUSG00000002083	0.890968894816539	1.0036233224248	1.03260909874505
ENSMUSG00000073565	0.83153915735282	1.07086742740356	0.978719704264859
ENSMUSG00000058665	0.8757065998093	0.96049079608423	0.91658005107517
ENSMUSG00000000889	1.2165760915182	0.798261343090241	1.07396340104923
ENSMUSG00000022412	1.12721261350614	0.994511743601292	0.952221250194923
ENSMUSG00000063727	0.867461848572296	0.967163664181263	0.998258698372201
ENSMUSG00000070564	0.887349816596719	1.00996029668132	0.983077873510901
ENSMUSG00000034607	0.839715365802029	0.850999339876698	0.91841988760873
ENSMUSG00000030515	1.16640796140465	1.01677236496282	1.02868247489489
ENSMUSG00000025216	0.884842128580695	0.987346129121222	0.909851012716076
ENSMUSG00000054752	0.845702649220825	1.0673470596469	0.971100720252558
ENSMUSG00000029086	0.894178434822489	0.960151162402822	1.05941604804046
ENSMUSG00000040387	0.817961560334903	1.04359669495876	0.960624960615097
ENSMUSG00000036553	1.25892247059742	0.982724490534575	1.02087464110856
ENSMUSG00000045273	0.866148932141117	1.02322309596369	0.911625716562347
ENSMUSG00000041920	0.871730191935753	0.922055112939439	0.951220470506485
ENSMUSG00000054008	1.1611378664002	0.943874958948904	1.01577818381718
ENSMUSG00000039323	0.832205879403119	1.23188392899468	0.82229981715618
ENSMUSG00000059326	0.799564259455427	0.931059894574836	0.954498074798216
ENSMUSG00000045763	0.87487960359292	0.999790952491282	1.02310550118161
ENSMUSG00000028018	0.865029127097435	1.02323127888016	0.938318444615511
ENSMUSG00000074283	1.17925454515231	1.01235246403701	1.05691719813764
ENSMUSG00000020747	1.11564396306468	0.979897987756143	1.01187823281809
ENSMUSG00000080859	1.48609852634664	1.00451280883264	1.00490846449195
ENSMUSG00000041220	0.871714328036524	0.980493289156423	0.919503807575024
ENSMUSG00000026141	0.878368602241036	1.07789331136909	0.988127608020723
ENSMUSG00000031111	1.18057002831461	1.01361605570347	0.953682417484731
ENSMUSG00000033981	1.23316425597954	0.998797025603273	1.09022541233699
ENSMUSG00000042644	1.1366054008284	1.05136287566377	1.02688449306822
ENSMUSG00000032890	1.23474191224328	1.0418079431065	1.01733891263016
ENSMUSG00000063903	0.814823474898098	1.04608173933041	0.972722356686315
ENSMUSG00000000308	0.793241900250608	0.989532220177423	0.98536087902506
ENSMUSG00000052305	0.848309646084941	0.923975659240127	1.08610488637538
ENSMUSG00000038077	1.12888058280582	0.982276475849684	1.01516361042064
ENSMUSG00000001510	0.722205800947393	1.08977242629248	0.999990552645912
ENSMUSG00000021943	0.847596144552387	1.08989952809973	0.922809170750627
ENSMUSG00000078651	1.16093624157278	1.03632134733764	1.05681117457412
ENSMUSG00000021032	1.18095762830533	0.973087076450914	1.01204625097712
ENSMUSG00000026430	0.895065455698489	0.968036679583108	1.04686570016491
ENSMUSG00000047502	1.18563130535681	1.0098371502427	1.18324042165064
ENSMUSG00000028468	1.1709290937183	0.9884554881282	0.916436639796512
ENSMUSG00000039512	1.17252894092918	1.02829212175618	1.07137900176733
ENSMUSG00000025577	0.861206239323736	1.04445853881964	1.0317565956923
ENSMUSG00000073234	0.896019218278764	0.989496258468869	0.944216017887989
ENSMUSG00000032850	1.13770522772849	1.10344124489825	0.954955044107169
ENSMUSG00000049404	0.800778365599465	0.98552174033591	0.971845242747432
ENSMUSG00000030510	0.826783127819102	0.959451507521691	0.992454003329802
ENSMUSG00000058503	0.859644962823302	0.99075886783512	0.859697869818017
ENSMUSG00000024228	1.12989298493363	0.97039297596064	1.06357829475792
ENSMUSG00000039109	1.15560079864587	0.974703664522224	0.92020303763022
ENSMUSG00000028873	0.804099825691136	1.01400547913763	0.828367949783289
ENSMUSG00000010086	0.83531143195197	0.984427003611605	1.06141770599067
ENSMUSG00000035403	1.17210519296357	0.96900512665031	1.0445579495647
ENSMUSG00000032017	0.853732022788552	0.972465387307128	1.09397272202115
ENSMUSG00000051378	0.837530449678399	1.01656022326971	0.764812939958414
ENSMUSG00000041911	0.830869499549825	1.02967259461594	1.00543622078674
ENSMUSG00000091387	1.18526925719789	0.99942549664294	0.927937323348856
ENSMUSG00000047832	0.882032736690164	1.02837709162122	1.01469825949825
ENSMUSG00000040728	0.805792526294897	0.953544276499373	0.880487918283832
ENSMUSG00000026764	1.18595366267834	0.969997206068036	1.02534332204973
ENSMUSG00000022221	0.879903347328529	1.03547827640205	1.05827296668172
ENSMUSG00000005043	1.12326588164304	1.02700280676062	0.964283780324998
ENSMUSG00000067928	1.16336098940222	0.991091452928311	0.962693757857436
ENSMUSG00000063063	0.886480498175163	1.06299408458961	0.865424347180678
ENSMUSG00000000247	0.818438032339687	1.06775945320227	1.08124152936045
ENSMUSG00000024672	0.846848557941474	0.946894822300209	1.02072391830893
ENSMUSG00000070733	1.12901926440426	0.952828684320005	1.0020601633307
ENSMUSG00000000037	1.14677870922391	1.0086119375786	1.0506347089194
ENSMUSG00000020137	0.890897656229376	1.02155978776776	1.20909850800372
ENSMUSG00000050919	1.20603583249759	0.998606870734668	0.993003520605907
ENSMUSG00000025270	0.840843854966181	0.910487052361598	1.10846249421368
ENSMUSG00000029314	1.16922290482885	1.10690069125914	1.0105642962768
ENSMUSG00000049553	1.18075177978571	1.00124130713793	0.977473642435607
ENSMUSG00000042367	0.802452556076457	1.02694921723661	0.913999732662513
ENSMUSG00000056222	0.744821764947973	1.00053212493542	1.03552546751015
ENSMUSG00000026944	1.1215229893196	0.986473605801862	1.04165454933868
ENSMUSG00000039929	1.14705919270467	1.01493258000596	0.990103676718692
ENSMUSG00000032528	1.17815168338817	1.13543755437419	0.939746638389114
ENSMUSG00000059060	0.875157005242101	1.02228984088152	1.02442134250247
ENSMUSG00000057691	0.849263941699324	0.986575444085647	0.85112679718777
ENSMUSG00000037827	1.19276488158569	1.03836353743962	0.96598710070787
ENSMUSG00000040229	0.869038136125222	0.984589584835124	1.03833233603552
ENSMUSG00000019359	1.18304805297816	1.05191098540419	1.0533181449156
ENSMUSG00000031409	0.902330133958394	0.989886755633514	0.966723079716189
ENSMUSG00000054659	1.08742820672601	0.920987861790279	1.03763855028448
ENSMUSG00000060735	1.11514052412868	0.954933946529312	0.961107365106399
ENSMUSG00000049134	1.14413200845318	1.13736528939041	1.06357947844141
ENSMUSG00000005089	0.885811967563122	1.10088288987922	1.046538800532
ENSMUSG00000028236	0.711849314047636	0.994532642278306	0.933030294272623
ENSMUSG00000075296	0.76027662388798	0.966291913766551	0.957513655310865
ENSMUSG00000069917	0.870308921300048	0.932849468003064	1.08037810873235
ENSMUSG00000024827	1.14172083161359	1.05007747845549	0.966267362101594
ENSMUSG00000032409	1.13229214088709	0.975650535022453	0.983534711180545
ENSMUSG00000071661	1.13558829879426	1.02928229216282	0.943709606421675
ENSMUSG00000023013	0.861372875333954	1.0232765675821	1.07319226065905
ENSMUSG00000031297	1.11836214876808	1.05899223963859	0.949607214059748
ENSMUSG00000040543	1.1421743355728	1.06058287571514	1.07842232712612
ENSMUSG00000046634	1.20638994661155	1.05354633679847	1.00900815710075
ENSMUSG00000027380	0.820517930524036	0.888323572206709	0.956720605510215
ENSMUSG00000036826	1.22921656008082	1.05405845610513	1.00966626050769
ENSMUSG00000047040	1.16731369395903	1.00064265576765	1.02424464615711
ENSMUSG00000067206	1.30431479243734	0.986733129290484	0.960312325621734
ENSMUSG00000037610	0.809751942315684	1.00906400985357	1.01410379606847
ENSMUSG00000041479	1.22646941019422	0.980663489324118	1.00101101987461
ENSMUSG00000021367	0.862250139298433	0.998401642433937	1.02593697937863
ENSMUSG00000067878	1.13024683903174	1.02447696345458	0.93667593065708
ENSMUSG00000022148	1.11287861676976	0.90604558757127	1.00801721997971
ENSMUSG00000049866	0.870090580599136	1.02157225549002	0.832053024006529
ENSMUSG00000074384	1.17487563030878	1.0486246205425	1.02884785918772
ENSMUSG00000039005	1.1452282723538	0.982091772165416	0.96922045383108
ENSMUSG00000100622	1.63035230229105	1.97454881219245	1.37594555590589
ENSMUSG00000049281	1.1197988965801	1.0048840512128	1.00016225795675
ENSMUSG00000018698	1.17829591378908	1.07847643842146	0.981855258852894
ENSMUSG00000052369	0.852661148797454	0.988798431275431	0.939938621923237
ENSMUSG00000066438	0.844089270712024	0.95993619182669	1.04410582909092
ENSMUSG00000041012	0.853258702151951	0.953002946002211	0.988236702528401
ENSMUSG00000028020	0.872906821212009	0.969865211499812	0.932501719760182
ENSMUSG00000071341	0.863733619584588	0.960143256901798	0.950593439397228
ENSMUSG00000025330	0.803664709773395	1.00401327743564	0.995751055379412
ENSMUSG00000027596	0.794791173595337	1.01226369958569	0.969192390835229
ENSMUSG00000045007	0.883069254785175	1.02148277787881	0.972642346315597
ENSMUSG00000058922	1.56516425343398	1.24236371300074	1.12751746205938
ENSMUSG00000040829	1.12123640520682	0.960229695905487	0.941636581286309
ENSMUSG00000043008	0.874053336868101	0.99041094634119	1.01597275371179
ENSMUSG00000067916	0.860814248532745	0.946788776604364	0.994962172190828
ENSMUSG00000038560	0.833885704401905	1.05742026707239	0.988957502395291
ENSMUSG00000075307	0.851709413483614	1.00643071807583	1.02970073929788
ENSMUSG00000029570	0.881236245670307	0.993062384361673	1.00019518233018
ENSMUSG00000020491	0.850016109068612	1.08298779826294	1.0523912840082
ENSMUSG00000034324	0.847024840162707	1.04219235148581	0.974984571458287
ENSMUSG00000039055	0.893837581044974	0.987785913000303	0.986881212647063
ENSMUSG00000029419	1.16526866871577	1.02161020829288	1.10727307078562
ENSMUSG00000026828	1.1086139745395	0.992638350544832	1.05545213999156
ENSMUSG00000036040	1.13781931804176	0.894265436954496	1.04825105286698
ENSMUSG00000038670	1.20381872387926	0.968116981321159	1.16284943764192
ENSMUSG00000040434	0.731749902578614	0.971380130323886	0.852368824175866
ENSMUSG00000029026	0.833106971997142	0.994329463985146	0.95702424108535
ENSMUSG00000068299	1.1576621777039	0.965585520501549	0.982871860852983
ENSMUSG00000030785	0.871264965710008	1.03886694175515	1.01825634376731
ENSMUSG00000072553	0.853967188793815	1.07515441940247	1.18996522578482
ENSMUSG00000071537	0.857215365287703	1.00636557339459	1.06700568719404
ENSMUSG00000047953	1.10742018370248	1.02236986273527	1.04875654500236
ENSMUSG00000036905	1.16623787267748	0.944837849388764	1.02412106400346
ENSMUSG00000032503	0.83969573379781	1.02835284344574	0.991112197594474
ENSMUSG00000024261	1.12670087719731	1.00104180423352	1.01175132147758
ENSMUSG00000058740	1.2307841427027	1.0431729213277	0.971595217078596
ENSMUSG00000046761	0.814006617209197	1.00448492166691	0.929971594766357
ENSMUSG00000010064	0.854763612534801	0.918111010470679	0.919155528711197
ENSMUSG00000020656	0.883969546098274	0.974732422138275	0.974617848374477
ENSMUSG00000036655	0.842219490105131	1.06309814273677	1.04277364272522
ENSMUSG00000020140	0.85501008750465	1.11463046239381	0.96883561320242
ENSMUSG00000030017	0.895509425048818	1.25329597284846	1.03391483063426
ENSMUSG00000068101	0.834158971242521	0.982496020072802	0.832893776850301
ENSMUSG00000047875	0.872551860185085	1.02597893796799	1.00070034763147
ENSMUSG00000015619	0.811127469490509	0.973839913071463	0.965634576786245
ENSMUSG00000028909	1.14825487591424	1.0354624005823	1.07558375498009
ENSMUSG00000047746	1.11449808577462	1.01740020090709	1.09943473103056
ENSMUSG00000004815	1.18276844149855	0.990722873441964	1.05344119002415
ENSMUSG00000025488	0.890307987575895	0.994559164835002	0.97692364277719
ENSMUSG00000028893	0.703138812893176	0.63548361327113	0.891663541328411
ENSMUSG00000037600	0.79309641735151	0.999066518858404	0.876379975442767
ENSMUSG00000050677	1.0982693094505	1.05341316983087	1.039453297495
ENSMUSG00000036061	1.13458497794707	1.0491403883864	1.03379901429407
ENSMUSG00000011008	1.12246169565496	1.10456041169618	0.958879568881878
ENSMUSG00000052504	1.16570447691675	1.005213535793	1.01772734000608
ENSMUSG00000026579	0.885144484642523	1.01601002569653	1.01343958793775
ENSMUSG00000028337	1.07204220679165	1.01577148791415	0.912070108235725
ENSMUSG00000073877	0.840429453036557	0.956060116287055	1.08548986249136
ENSMUSG00000028644	0.861438254369189	1.03667565036457	0.94502133446294
ENSMUSG00000033765	0.835217971469568	1.00110637264749	1.20469494766366
ENSMUSG00000028860	0.86808062336843	1.01172671079792	1.03438208644437
ENSMUSG00000024526	0.837792115565969	0.955717073244212	0.901847795389772
ENSMUSG00000028545	0.87868669635986	1.03015239110029	0.947575997851162
ENSMUSG00000034171	1.14351675431945	1.07810475177155	1.02980897724079
ENSMUSG00000028031	0.865206588628436	1.07699704855476	1.04272910216323
ENSMUSG00000040260	1.14140146428185	1.09134814651817	1.00773077254396
ENSMUSG00000029547	1.13989261762376	0.948578112606034	1.02113988878913
ENSMUSG00000030507	1.19214600951668	1.10956147053731	0.907458333226464
ENSMUSG00000090451	0.869285162936842	0.97155546874214	0.941876834848697
ENSMUSG00000022871	1.20102183821856	1.0258602829514	1.00083131375831
ENSMUSG00000025328	0.840917674569463	1.11959738490958	0.994396908944228
ENSMUSG00000044393	0.870733516995831	1.01094045139571	0.916275387468596
ENSMUSG00000016763	0.832202916087653	1.07581505585542	0.918874943647005
ENSMUSG00000033458	0.877263157552655	1.19124552800399	1.09445960730779
ENSMUSG00000027684	1.1553526955622	0.984101130977317	1.03684687371342
ENSMUSG00000028497	0.885355835742005	1.04145320091529	1.03229994077564
ENSMUSG00000042655	0.882975571919923	0.961056825056703	1.03506878256404
ENSMUSG00000054662	0.798750734816592	0.969473813789372	1.01730893470286
ENSMUSG00000001027	1.16453269534075	1.05272822023269	1.08577302585862
ENSMUSG00000037995	0.844947522204803	0.991718948080094	0.958727872215173
ENSMUSG00000005410	0.872560127815011	1.02745615847835	0.90720026121619
ENSMUSG00000036067	1.11114790753437	1.1353330948924	1.02846593353248
ENSMUSG00000034226	0.841633744010099	0.995236619054174	1.00269187065079
ENSMUSG00000046410	1.12385997638941	1.02196707954331	1.1037205939594
ENSMUSG00000009216	1.2415846487254	0.750726974221697	1.14804803352955
ENSMUSG00000021416	0.845745447159263	1.09250221289374	0.953213569858874
ENSMUSG00000103034	1.17661585882027	1.02602250157952	0.985415325550074
ENSMUSG00000030068	1.18092508967723	1.06183316657873	1.11953760306773
ENSMUSG00000098934	0.816288632032577	0.947688387724556	1.10960718170627
ENSMUSG00000043795	0.93289955484014	0.980438629279608	1.06168090519406
ENSMUSG00000026343	0.934807298461942	0.965436488640529	1.02614927804381
ENSMUSG00000040703	0.866159290417688	1.01156970406386	1.0278374004908
ENSMUSG00000027068	0.835365546220378	0.938036795668931	1.00517512557175
ENSMUSG00000029337	0.854040935128214	1.02017312674754	0.957924864360376
ENSMUSG00000003283	1.0867912692118	0.953814653177988	1.03316991120916
ENSMUSG00000055415	0.841045567487362	1.01494722273764	1.05071081372566
ENSMUSG00000079598	0.87421711503254	1.05360924843843	0.985762453159048
ENSMUSG00000010122	1.09875304786037	1.02876939182598	1.04207328731518
ENSMUSG00000099032	1.12775632119584	1.05227714853193	0.971122651427723
ENSMUSG00000006345	0.804975213532414	0.918870238789081	0.908791919842374
ENSMUSG00000102422	0.844613832742224	1.14203427227344	1.08878342201223
ENSMUSG00000032338	1.16634949416845	1.05066595555659	1.01964249891104
ENSMUSG00000027220	0.884525916826876	1.13348204505841	0.974993948603549
ENSMUSG00000028825	0.848814590539793	0.958252793448314	0.988993221247054
ENSMUSG00000043719	1.14175001722841	1.12997323196392	1.0526533156628
ENSMUSG00000001985	1.18229300219295	0.967329724080315	1.03734089024635
ENSMUSG00000054065	0.765019265955879	0.931178747193458	0.985691643001065
ENSMUSG00000051920	0.908935246188505	1.08998281529087	1.0018922530625
ENSMUSG00000025481	0.834554165758239	1.00523427686892	0.930792471881803
ENSMUSG00000050711	0.92914669045285	1.01768692586265	0.902209348737637
ENSMUSG00000079355	0.865324297266266	0.953950779196071	1.03763979090212
ENSMUSG00000025150	0.865678207508942	0.97417061771828	0.920282357191509
ENSMUSG00000030811	1.17984090303482	1.03006120145313	0.994293304519915
ENSMUSG00000049699	1.13213457062304	1.10733412199525	1.04870624922024
ENSMUSG00000036768	0.847941710436278	0.992964151314188	0.933542349938838
ENSMUSG00000066687	1.1509914505058	1.02913637819072	0.973324485764668
ENSMUSG00000098754	1.1102785155761	0.947649257938676	0.92089310220603
ENSMUSG00000030393	1.13940221946828	0.966271791777497	1.03873826482174
ENSMUSG00000027849	0.865744481074117	0.996801477798957	0.940480615921507
ENSMUSG00000042401	0.872056623373725	0.996407806701889	1.10619556651817
ENSMUSG00000051341	1.18306544755515	1.02029444366409	1.04894600073113
ENSMUSG00000035164	1.16196369870835	0.922784161020287	1.02054840213037
ENSMUSG00000050777	0.868818691876476	1.04348247250264	1.01739563682856
ENSMUSG00000056643	0.929010653083449	1.13172509956014	0.928070413896048
ENSMUSG00000103897	1.14922082322325	0.984199302773333	1.05985737957651
ENSMUSG00000079465	0.853924391144794	0.941654409895066	0.963368309904304
ENSMUSG00000063849	1.13261141357667	0.995849750253604	0.945603341343077
ENSMUSG00000005628	0.868533534558858	0.991506658039483	1.00550673231583
ENSMUSG00000026090	0.866983630778535	0.936930611383832	0.993023276139576
ENSMUSG00000033902	1.16675967637157	1.05056745593086	1.0855609178418
ENSMUSG00000000296	0.918783963909295	1.01362496705315	0.914309123999783
ENSMUSG00000068252	0.831667023689179	1.06515824351884	0.9218096271528
ENSMUSG00000039473	1.18154043176936	0.916117971300942	1.0195809494923
ENSMUSG00000104346	1.14973295354865	0.97440600265119	1.04133517433737
ENSMUSG00000022286	0.866847094236996	0.99370554764471	0.978869657621158
ENSMUSG00000038020	0.896942564850371	0.990146692949005	0.958515405613935
ENSMUSG00000040055	0.773657093890092	0.986927971742225	1.01697055903527
ENSMUSG00000040054	1.73854839100178	0.84788043706188	1.59405137779112
ENSMUSG00000038637	1.13318002725711	1.00356494373301	1.00597667852054
ENSMUSG00000091694	0.780880115731951	0.989846343441204	1.04775356824086
ENSMUSG00000062345	0.884891185829755	0.983677337853465	1.0552811847428
ENSMUSG00000076498	0.899999231618736	0.978045119232728	0.942826231556984
ENSMUSG00000019936	0.830233198564485	1.06014078003752	0.903278560543678
ENSMUSG00000035020	0.894273379320397	1.00156012363827	0.971987938586181
ENSMUSG00000058447	0.938737812364335	1.08850287416433	0.986801535814775
ENSMUSG00000052572	1.06363642051435	1.01931130585163	1.05516831361259
ENSMUSG00000038763	0.860318336988146	0.989897767561589	1.08609215005634
ENSMUSG00000052496	1.08938401004041	0.991168805831542	1.01803588390138
ENSMUSG00000055301	1.13958430994798	0.975218746118621	1.05998285800051
ENSMUSG00000025001	0.857560890866232	0.993456902799116	0.890575455690686
ENSMUSG00000039179	1.07009744221136	1.08621625514055	0.983327696053085
ENSMUSG00000071047	1.07684813930522	1.01493243220385	1.01073736760207
ENSMUSG00000035864	1.12558300163357	0.982451795840023	0.948964000248091
ENSMUSG00000040323	1.1288218331728	1.0281351071867	0.991433117142497
ENSMUSG00000019464	1.17960694281296	0.959599363450885	1.03026003482458
ENSMUSG00000031870	1.0911831385861	0.922186863908512	0.966920772467141
ENSMUSG00000071036	1.1237447278514	1.03133005110325	1.02018165270086
ENSMUSG00000051839	0.738227073536147	0.99261884507051	1.01227457938396
ENSMUSG00000027016	0.892034947987418	1.01373125073991	1.02206206931318
ENSMUSG00000018927	1.11399864739096	0.975113455822742	0.982356749308566
ENSMUSG00000025359	1.1694057990856	0.940329792606128	1.14266269402201
ENSMUSG00000032845	0.858912950354979	0.991371239755208	1.03519926862041
ENSMUSG00000049882	0.93948645709891	1.0398266918063	0.97767919744592
ENSMUSG00000038193	0.866760462521879	0.992210797399068	0.94731473887296
ENSMUSG00000003309	0.778525795633407	1.01406357359576	0.925548799728438
ENSMUSG00000004552	0.680322868746516	0.985483556255541	1.04758927870062
ENSMUSG00000025927	0.780854669452831	0.997340609830092	0.88338291525685
ENSMUSG00000051648	1.22031951784653	0.987980698722872	1.01581908826067
ENSMUSG00000009646	0.877869860314716	0.998992405790727	1.09050940667106
ENSMUSG00000043670	1.08412781216377	1.03204834796025	1.00792505145121
ENSMUSG00000054889	0.831890590942215	0.987875293624147	0.827823677063533
ENSMUSG00000022997	1.11501620483947	1.06660811316622	0.983257721247552
ENSMUSG00000013483	1.08766223444591	1.02351827256166	1.05428279626132
ENSMUSG00000081683	0.845049587109399	1.00461898892509	0.915148786624941
ENSMUSG00000036923	1.07385332545333	1.01549549528768	1.00950163238085
ENSMUSG00000028373	1.12904655649353	1.05485779002082	0.965718548537341
ENSMUSG00000047343	0.914698139041752	1.04990879696148	0.953265493644043
ENSMUSG00000035295	0.890842280183399	0.993052772539532	0.95189358310108
ENSMUSG00000038473	1.16593119912744	1.01031161118101	1.03619281925965
ENSMUSG00000025885	1.15489193391922	0.917998411855425	1.04265585187716
ENSMUSG00000028871	0.848188056997073	1.00422188635246	0.939117929462832
ENSMUSG00000042763	1.14065287253081	1.00012309033855	0.980748652639211
ENSMUSG00000028786	0.829777113900373	1.01711160496381	1.03323550733332
ENSMUSG00000036151	0.840848764408035	1.07118141718527	0.999613097349249
ENSMUSG00000024873	0.892737351809263	1.0035656934998	0.990137062329822
ENSMUSG00000091478	1.20115411650159	0.969807875297593	0.945195832509897
ENSMUSG00000018907	0.796678317804552	1.00135004407295	1.07323668803171
ENSMUSG00000019808	0.89889942166169	1.01652854533564	1.01371904211055
ENSMUSG00000064294	0.880122147692028	0.978940722242807	1.00413431648278
ENSMUSG00000005583	0.725934522150245	1.08852156534186	1.5545772092588
ENSMUSG00000022123	0.853711604200129	1.04823190280825	1.05385148889507
ENSMUSG00000040429	0.862080922997773	0.993121531059597	0.967752383789532
ENSMUSG00000085584	1.13604726763138	0.959012898728558	0.982883529734485
ENSMUSG00000102440	1.1421628242566	1.08436182465843	1.01838580498933
ENSMUSG00000010342	0.868086983254307	0.928973078450157	0.85231235720965
ENSMUSG00000037279	0.845606776240479	1.01119027324586	0.968429940219426
ENSMUSG00000061322	1.11798427796657	1.0441970839534	0.977151595953745
ENSMUSG00000043463	1.10906014557315	1.0396984482109	0.972190803764161
ENSMUSG00000031554	0.878911131361613	1.03988563069921	0.977048044913171
ENSMUSG00000033276	1.11661852025095	1.06520342732085	1.00427686627358
ENSMUSG00000016756	0.814547898564469	0.870709169054075	0.896249420339182
ENSMUSG00000024989	0.797071915795409	0.940891400606814	1.02006280053728
ENSMUSG00000029735	0.852688714438712	1.07806841626853	0.954092724476876
ENSMUSG00000090559	1.10298466917945	1.02719762227092	1.18960774974048
ENSMUSG00000026725	0.854137993899901	1.34999337325222	0.882668232142717
ENSMUSG00000024234	0.831253675496121	0.930348932815144	1.05346323519155
ENSMUSG00000008601	0.808149979565397	1.01746366611969	0.943009316856378
ENSMUSG00000035498	0.867020242306142	0.944257774858279	0.835356256275715
ENSMUSG00000030707	0.906786240196276	0.960841212596669	0.896767192239868
ENSMUSG00000067786	0.865832185594857	0.960780315201868	1.04241933903916
ENSMUSG00000021118	0.8553045122564	0.946522549799671	0.926786926488196
ENSMUSG00000030827	0.880734079950402	1.18888333080364	1.08309268924691
ENSMUSG00000058064	1.66106342609816	1.79702523605178	1.29442777575909
ENSMUSG00000058260	0.846064159501097	1.0068277367201	1.00469314247063
ENSMUSG00000039813	0.870394981088903	1.06315014430327	1.00971321310087
ENSMUSG00000028555	1.10844636605413	0.97093801276635	0.960380429538037
ENSMUSG00000051067	1.12971380409347	1.00035022935927	1.03445324508406
ENSMUSG00000020090	0.878289088275748	1.0046770484921	0.979781760888278
ENSMUSG00000032278	0.85413196035218	0.968620329423129	0.994587724415524
ENSMUSG00000026018	0.874975492427404	0.992949183927647	1.01216983491125
ENSMUSG00000017737	1.19145733422989	1.27068291754671	0.916943119772093
ENSMUSG00000021364	1.14933505473406	0.973202444931758	1.04699265269945
ENSMUSG00000020930	1.12126276863791	1.05718383864402	1.000046838585
ENSMUSG00000001151	1.7588654502632	1.25002116462803	0.720034091415458
ENSMUSG00000006411	0.822357889825327	0.984122234225798	1.02197978118235
ENSMUSG00000004892	1.15436544649024	1.05192054810585	1.01987450275339
ENSMUSG00000085328	1.21905278754527	1.02227177676471	1.01409043846828
ENSMUSG00000061894	1.15676254668054	1.01973529180575	0.995573623989915
ENSMUSG00000048899	1.08002129539922	0.893843083731228	1.02840273575748
ENSMUSG00000030921	1.15458462588444	0.958349641033672	1.0355508129694
ENSMUSG00000044576	1.08019098816443	1.0336749608435	1.01441952331041
ENSMUSG00000027983	1.12718699859125	1.00290439571243	1.02323768213647
ENSMUSG00000058173	0.899543583263257	0.965266209230962	0.913764914499654
ENSMUSG00000050640	0.851217058637836	0.984348710568684	1.14424865333986
ENSMUSG00000044139	1.12989677112625	0.985171148057659	1.01876546677349
ENSMUSG00000066704	0.812824782796306	0.968192198364388	0.985875804844286
ENSMUSG00000046908	1.09470285985362	1.01658092249992	1.02007070566979
ENSMUSG00000021732	0.851098249203315	1.11705930905593	0.795734395659208
ENSMUSG00000022791	1.15456259115081	0.972313542901335	0.965870461538128
ENSMUSG00000042190	1.12142270437781	0.951516823460261	0.972944277238616
ENSMUSG00000058498	1.21031744274613	0.962503624685036	1.02805075952962
ENSMUSG00000045349	0.907532108559519	1.01822381262887	1.02666703415966
ENSMUSG00000001865	0.860673215100787	0.996635088279934	1.13305098764122
ENSMUSG00000096795	1.08550858338791	1.03344096010022	1.05462351251717
ENSMUSG00000019232	1.28077156033243	0.99110449600476	1.02585032190107
ENSMUSG00000022546	0.90254000427376	0.898155776889284	0.875192878106281
ENSMUSG00000038663	1.09835135493994	0.997822337757402	0.989947614612641
ENSMUSG00000044641	0.855327030970733	1.0357089394657	0.996073284450142
ENSMUSG00000074004	1.15416849757269	1.01649615638482	0.977919080074576
ENSMUSG00000081406	2.09952878311551	1.11233835438599	1.15944459562941
ENSMUSG00000017453	1.17617110841924	0.976451706522526	1.01139646744662
ENSMUSG00000043165	0.893618840058995	1.0067042444094	0.971521644003741
ENSMUSG00000094005	0.938037011943027	1.01281255588777	0.998131865872046
ENSMUSG00000095680	0.938037011943027	1.01281255588777	0.998131865872046
ENSMUSG00000096363	0.938037011943027	1.01281255588777	0.998131865872046
ENSMUSG00000094651	0.887859784591581	1.18543734555426	0.889650737580562
ENSMUSG00000074652	1.11194868562249	0.999461823778743	0.831179138771364
ENSMUSG00000011305	1.08617373245401	0.961561962373123	0.943042189505181
ENSMUSG00000070691	0.91467371849168	1.03682475731695	1.02542029051441
ENSMUSG00000033182	1.09457301126353	1.07729313093293	0.989075316841109
ENSMUSG00000049985	1.07606557558968	0.962251730894395	1.02513539407959
ENSMUSG00000026959	0.866038620841411	1.05611092513103	0.930524595333244
ENSMUSG00000033187	0.831747217232221	0.993328533625279	1.00247659605176
ENSMUSG00000026692	1.07843531174791	1.01505241332894	1.02893089688048
ENSMUSG00000022438	0.895281089262334	0.999048838661101	0.98473004525344
ENSMUSG00000091144	0.89746269581344	1.01556687158883	1.03590576379851
ENSMUSG00000003178	0.906215034099339	1.08558866139001	1.07981558337606
ENSMUSG00000025010	1.10398900329391	1.02316140299255	0.902256662946804
ENSMUSG00000028238	0.949786797539872	0.999200303786303	0.970851802568329
ENSMUSG00000030518	1.05864582021413	1.10567834184164	1.02851056114019
ENSMUSG00000033715	1.0648352943069	0.756834994235199	1.08121519633726
ENSMUSG00000050578	1.03261035797952	1.23585682002605	1.18388927199659
ENSMUSG00000049892	1.05357317671665	1.14259006222618	1.00004009925288
ENSMUSG00000047562	1.02354570376666	2.19863206750858	1.02593238929877
ENSMUSG00000073125	1.03863912710254	1.4041336209824	1.03863661646638
ENSMUSG00000024924	1.04224505981991	0.900396203524948	1.04141129831371
ENSMUSG00000009185	0.962571577417835	1.29369908808642	1.10602859638841
ENSMUSG00000043613	0.928250633117867	1.16561271478409	1.01416579113396
ENSMUSG00000094065	0.989781498753243	0.793725169540173	1.0735305985669
ENSMUSG00000032373	1.05342102100069	0.885906076174237	0.984634872937974
ENSMUSG00000059436	0.984923449940962	0.885806039761634	1.08742959860203
ENSMUSG00000031613	0.968094160160571	1.16157204721563	1.11798871650956
ENSMUSG00000038332	0.947195729134321	0.859339596750272	0.950522463408792
ENSMUSG00000025510	1.06421810146014	1.18426719437742	0.992093185261347
ENSMUSG00000037816	1.0182412548189	0.899134137058829	0.973924496834912
ENSMUSG00000042595	0.918279693780993	0.854472952976044	1.00371993472555
ENSMUSG00000037490	1.0079722834564	0.873758643283689	0.945174271601053
ENSMUSG00000024987	1.01460135954661	1.25812459511508	1.05912080479282
ENSMUSG00000051159	0.950893890919027	1.19121627279513	0.979155496578171
ENSMUSG00000026697	0.980481706304012	1.12795533090784	1.07241755426913
ENSMUSG00000032500	0.965831032409496	0.871310542185441	1.00386663739729
ENSMUSG00000004945	1.01029650265698	1.12524445202668	1.00290372510827
ENSMUSG00000004371	1.08929489944239	1.30277768739599	1.02199701610514
ENSMUSG00000086605	1.03786725704842	1.23088527020956	0.93729875033921
ENSMUSG00000061578	1.0689688727915	0.819230054225428	0.953707568947572
ENSMUSG00000036523	1.1721826807738	0.721238470758521	1.08033060109451
ENSMUSG00000023008	1.07537414892241	0.88396726042943	1.07782322066586
ENSMUSG00000029298	1.05650735036418	0.867648561649408	1.10313365911866
ENSMUSG00000001020	0.927211866914513	1.11417361603696	1.03523034530103
ENSMUSG00000041193	0.936442742615851	1.15639771665787	1.01983250935923
ENSMUSG00000034926	0.980897896613971	0.869384696068713	0.858111909185402
ENSMUSG00000025185	1.07993593150066	1.15978013337403	1.10976536152291
ENSMUSG00000024803	1.07647122139038	1.25513072424158	0.856446676892829
ENSMUSG00000059237	1.16668171892341	1.25987026980811	1.14410678436535
ENSMUSG00000052276	0.987985499881969	1.22516184901416	0.952458082206683
ENSMUSG00000079884	1.00408133401304	0.989366447209008	1.10841823523529
ENSMUSG00000046808	1.08428498109153	1.14524800066998	1.06459590182669
ENSMUSG00000017491	1.00270303820351	1.16542374700361	1.01415286976431
ENSMUSG00000020220	1.03155267105969	1.15681598952452	1.00366600644737
ENSMUSG00000050069	0.929101768090232	1.15120526412737	1.04161967757808
ENSMUSG00000046844	0.916182788774082	1.14638571791678	0.995514502710847
ENSMUSG00000030579	0.995110007011392	0.812222733980737	1.04291303845592
ENSMUSG00000073791	0.89674707397752	0.857227060655299	0.895759211386712
ENSMUSG00000042873	0.975483472927479	0.878723172935347	1.01380896104259
ENSMUSG00000021750	1.05058270073062	0.848608422934783	1.06212199577197
ENSMUSG00000043531	0.973399513836563	1.14215045063279	1.04544684532377
ENSMUSG00000022129	1.19687513377803	0.762991539618218	0.983623859278997
ENSMUSG00000093909	0.987556166451807	0.873934251438235	0.884452076933438
ENSMUSG00000015377	0.948220646306711	1.08693042746783	1.05782493831375
ENSMUSG00000050243	1.11354693574157	1.11449576646293	1.05710805663117
ENSMUSG00000023945	1.00155338444673	1.27982477323189	1.01554452231711
ENSMUSG00000029306	0.990003663026119	1.23200513650579	1.0012394195425
ENSMUSG00000071281	1.04946369743466	0.856147081418019	0.999192790470113
ENSMUSG00000005237	0.909115721283719	0.84371598777382	1.07762270054784
ENSMUSG00000015709	1.08674072635048	0.677911889711159	0.782656699464292
ENSMUSG00000041577	0.998823862388953	1.0077355213751	1.09689861169282
ENSMUSG00000030862	0.991470284488502	1.04546076525784	1.11793454551808
ENSMUSG00000006369	1.02612229320818	1.04346175960037	1.1664058429944
ENSMUSG00000021702	1.00353344062973	1.0033842472933	1.08416218718064
ENSMUSG00000023885	1.02858700552898	1.0035628321102	1.08326016034657
ENSMUSG00000028989	1.06266709688808	1.05621775228175	1.126143159328
ENSMUSG00000041559	0.998882220618818	1.02196858128334	1.08338747580246
ENSMUSG00000037405	0.978564216523679	1.03886281680309	1.08766295426062
ENSMUSG00000039084	0.968919016618013	1.05077417866586	1.09493508449717
ENSMUSG00000027966	0.943908310219494	1.01715411758585	1.10992535274182
ENSMUSG00000017897	0.974887210377969	0.998294281526857	1.09997719655687
ENSMUSG00000024529	1.01865866999566	1.00658953807218	1.10279046259034
ENSMUSG00000031849	1.02196037773798	1.04613977387305	1.09799728162825
ENSMUSG00000047420	0.982693738342588	1.03527286627945	1.15835670547838
ENSMUSG00000009772	1.04792433455924	1.04801154012709	1.15785662768462
ENSMUSG00000022150	0.987745364365788	1.01714064137107	1.09213318231507
ENSMUSG00000024164	1.045063485574	1.05886258116383	1.15449197988438
ENSMUSG00000028364	1.06768301406205	0.974437313140819	1.09812075021983
ENSMUSG00000022332	0.981205938606838	1.03161823706045	0.790565164465695
ENSMUSG00000094483	0.974734783335263	0.982961978745508	0.902083744850088
ENSMUSG00000044006	0.963061547688567	1.05003092698181	1.09213824995283
ENSMUSG00000029816	1.00585454670419	0.972361505949423	1.09905886519928
ENSMUSG00000032925	0.999820874302379	1.02093683487817	1.08544553221822
ENSMUSG00000020402	1.0621038968956	0.983758966483174	1.13973905036552
ENSMUSG00000026683	0.926104916407305	1.0036552348326	0.80698691704097
ENSMUSG00000000753	0.983820085215936	1.02128904808054	1.06633744749366
ENSMUSG00000024735	0.940987688879028	0.964165328259355	0.810901653365303
ENSMUSG00000055407	1.03164416629466	1.04130455768588	1.13084471187775
ENSMUSG00000021062	0.987340017582547	0.996029650105257	1.11418671560494
ENSMUSG00000061013	0.980209219018597	1.01442865518985	1.11736713067898
ENSMUSG00000022790	1.07006430640945	0.903272285767185	0.839303428557537
ENSMUSG00000026435	1.07802650962212	1.0483132336586	1.12441152912751
ENSMUSG00000039321	0.985070450542889	1.08757941912962	1.15388929634295
ENSMUSG00000026390	1.01439369435477	1.01513861583305	0.260214851145931
ENSMUSG00000039396	0.979565161163136	1.01416571988738	0.799127214778363
ENSMUSG00000025229	0.943373007356394	0.973309530236279	0.851632064297621
ENSMUSG00000039982	0.952288228316352	0.979746885171341	0.914455074043266
ENSMUSG00000028128	0.97114280039411	1.05057857353326	1.09934913197086
ENSMUSG00000006014	0.990714527187077	1.05127380122446	1.09603713461688
ENSMUSG00000040084	0.963809427986986	1.00981736802771	0.855346124417727
ENSMUSG00000087679	1.00886534149867	0.996127292883328	0.886989729787436
ENSMUSG00000028312	0.961673750559362	1.00408389699532	0.878834678578027
ENSMUSG00000031004	0.986777475475227	0.974913342917303	0.841298659157462
ENSMUSG00000038014	1.05422881600803	0.98420615085619	0.876402149582453
ENSMUSG00000021144	0.97049189573561	0.98262882113999	0.810491186023105
ENSMUSG00000054162	0.939028127361371	0.974019706189556	1.11652920558871
ENSMUSG00000028780	1.01955635877893	1.06495921625452	1.10315098204309
ENSMUSG00000028068	0.983665628298844	0.983218372384467	0.824417109114277
ENSMUSG00000063954	0.977259729107632	1.01033196574104	1.40861657190095
ENSMUSG00000026442	1.04623617266425	1.03081065784242	1.16314533505146
ENSMUSG00000023015	1.02779199440853	0.992677998058481	0.881024808935086
ENSMUSG00000079022	0.952031276722735	0.9563157463329	1.08967919102686
ENSMUSG00000051537	1.07190414989106	1.05974055296491	1.20008538670795
ENSMUSG00000030669	1.06844076917009	1.00208867276878	0.717948444939099
ENSMUSG00000035000	0.973015060854401	1.02130757853218	1.11560336636651
ENSMUSG00000021319	1.00581565012857	0.965860309279624	1.15747786100448
ENSMUSG00000090667	1.02651160827161	1.10159656031438	1.18095822470563
ENSMUSG00000036565	0.986902628697765	1.00682092354634	0.871464971094693
ENSMUSG00000041482	1.0247253905948	1.0355563354153	1.16224935681412
ENSMUSG00000020123	1.07686556929508	1.0922360065643	1.14002939126493
ENSMUSG00000038943	1.00866855838549	1.00354296163152	0.880448042924817
ENSMUSG00000027318	0.948251109786914	1.01641654031474	1.14302189162375
ENSMUSG00000001138	1.0231294078579	0.962420417212476	0.844089743275382
ENSMUSG00000024247	0.94879858853328	1.04387945731614	0.893715922915189
ENSMUSG00000021485	0.947543964661231	0.969889005794156	0.82088456562573
ENSMUSG00000025969	1.01577775018736	1.01477360249533	1.10986568996979
ENSMUSG00000007415	0.961891056671797	1.00376880912969	0.890042937841523
ENSMUSG00000033031	0.970312132331479	1.01499170824106	0.836219591791832
ENSMUSG00000028736	0.911693866855851	0.956935551179518	0.88037764049976
ENSMUSG00000028175	0.919908357164588	0.981431683258097	0.823198351693217
ENSMUSG00000009630	0.963689198274607	0.990042358685163	0.861620295560857
ENSMUSG00000026873	1.04486302778421	1.10307661588793	1.14022351501762
ENSMUSG00000020808	0.984086225812697	1.01410527827786	0.82718801942498
ENSMUSG00000036596	0.921015122810129	1.10017966059512	1.151365690478
ENSMUSG00000031952	0.989763171577301	1.0050769723555	1.1718285778966
ENSMUSG00000032487	0.994346414483161	0.98598903867802	1.10777903005115
ENSMUSG00000024587	0.98760230109484	0.981630047404557	1.15842859921516
ENSMUSG00000021091	1.05246498966667	1.0779873290526	1.12655871804249
ENSMUSG00000030562	1.06328188796077	0.977590975516399	1.1132362743377
ENSMUSG00000058297	0.998107221750193	1.05972052764448	1.12795939707445
ENSMUSG00000034825	1.12348108295936	1.08368138246675	1.18084225903079
ENSMUSG00000021051	0.971851293066521	0.96275482003513	0.880796971620806
ENSMUSG00000070802	0.929134645124942	0.968230561161535	0.885116599649937
ENSMUSG00000064360	0.953579344955151	1.00005309144335	0.876224176777412
ENSMUSG00000021951	1.05767739263788	0.974459397524025	0.845937752924268
ENSMUSG00000037944	1.00194323976053	1.08060773894529	0.734835371676645
ENSMUSG00000044201	0.912522604554641	1.08777398331384	0.802897598431464
ENSMUSG00000034413	0.947151409840013	0.961883550755023	0.852229336344386
ENSMUSG00000030019	0.977875567341245	0.968387989846263	0.829650937875512
ENSMUSG00000044405	1.03106965702587	1.04827555055379	1.19328873787418
ENSMUSG00000052139	0.986369514197232	1.00359242386068	0.802898354947482
ENSMUSG00000078773	0.980750535723262	0.99365513165548	0.840595828560234
ENSMUSG00000015354	0.996813795492142	1.12260915819973	1.12331667607836
ENSMUSG00000019933	0.934122426368172	0.967330988757902	0.867348712836974
ENSMUSG00000028444	0.953092079270062	0.889267743618976	1.17762298875715
ENSMUSG00000042918	0.934324340612514	0.991044785894164	0.857851806996998
ENSMUSG00000005233	0.985257281830702	0.972495724970906	0.845053540535488
ENSMUSG00000002778	0.891046786841936	0.945974135187613	0.863374105901333
ENSMUSG00000037161	0.887949756245193	1.05386786137343	0.851264694882385
ENSMUSG00000038600	0.959399924585979	1.02872948498588	1.14051309462173
ENSMUSG00000005470	0.939716771005944	0.975220929457041	0.843606780153234
ENSMUSG00000027699	0.889011169736049	0.981115901971341	0.847513721865075
ENSMUSG00000020473	0.97055034416305	0.977298102016688	1.13519445598129
ENSMUSG00000020181	1.07785531015443	1.04177315096823	1.19013615473341
ENSMUSG00000029196	1.02927712588888	0.973048782971669	0.818009343110445
ENSMUSG00000032113	1.0186185991392	1.01372607548803	0.865569664190116
ENSMUSG00000026605	0.940697676560068	1.02542936964482	0.801299430055007
ENSMUSG00000017639	0.952333863123257	1.01926800737011	1.16901291239982
