d0	d7	d21
ENSMUSG00000020889	-1.15149456675141	0.501281203470263	0.650213363281149
ENSMUSG00000002289	1.15244117298565	-0.513694535077486	-0.638746637908162
ENSMUSG00000058914	-1.07090281984712	0.909450558094536	0.161452261752583
ENSMUSG00000022425	-1.14239356121243	0.716808296206052	0.425585265006382
ENSMUSG00000032291	-1.05736648013675	0.93053158834471	0.126834891792038
ENSMUSG00000003038	-0.965587883065053	1.03118251732387	-0.0655946342588175
ENSMUSG00000030074	-1.07737240885528	0.898479922380066	0.178892486475212
ENSMUSG00000047281	-1.15164595354843	0.503133924939351	0.648512028609076
ENSMUSG00000034648	-0.987920110591414	1.01165725570999	-0.0237371451185781
ENSMUSG00000059824	-1.15161835051051	0.502792868339673	0.648825482170836
ENSMUSG00000039883	-0.959269612163619	1.03627774224879	-0.077008130085171
ENSMUSG00000027996	-1.13572115424797	0.748423848154499	0.387297306093475
ENSMUSG00000037318	-0.948490042730458	1.04457385557483	-0.0960838128443709
ENSMUSG00000035385	-1.12634662522649	0.783417404204081	0.342929221022409
ENSMUSG00000023169	-1.15432352619443	0.60271362517323	0.551609901021194
ENSMUSG00000027993	1.09099269327686	-0.873064976718253	-0.217927716558614
ENSMUSG00000035373	-1.14830873480827	0.679227138245472	0.469081596562796
ENSMUSG00000020592	-1.0564860638592	0.931824371505	0.124661692354197
ENSMUSG00000041828	1.01231535083018	-0.987211958064328	-0.0251033927658579
ENSMUSG00000024900	1.15385358178547	-0.53863274630826	-0.615220835477204
ENSMUSG00000018819	-1.15205524795482	0.508377574126599	0.64367767382822
ENSMUSG00000032013	-1.12313466435872	0.793787904667823	0.329346759690897
ENSMUSG00000068747	1.02709828943579	-0.0566007582686652	-0.970497531167127
ENSMUSG00000026077	1.15105099225879	-0.496082372354995	-0.654968619903798
ENSMUSG00000053469	1.14226173762238	-0.717515950267339	-0.424745787355043
ENSMUSG00000024538	-1.15057606535771	0.659733508398313	0.490842556959393
ENSMUSG00000060572	-1.13671832514662	0.392565001814507	0.744153323332116
ENSMUSG00000006342	0.829711786018074	0.280617876522944	-1.11032966254102
ENSMUSG00000030659	-1.12221071068497	0.325558458487622	0.796652252197347
ENSMUSG00000027107	-0.890058834006453	1.08209021002482	-0.19203137601837
ENSMUSG00000052296	1.07258893525363	-0.165936894491603	-0.906652040762032
ENSMUSG00000066113	1.15226605047123	-0.511231471336052	-0.64103457913518
ENSMUSG00000025930	-1.12779478750587	0.778511437925127	0.349283349580742
ENSMUSG00000034161	-1.09267366927312	0.222997710251783	0.869675959021337
ENSMUSG00000039748	-1.12239175616498	0.796094918671554	0.32629683749343
ENSMUSG00000055937	-1.09409302637322	0.866765666868583	0.227327359504637
ENSMUSG00000036777	-0.785120517518681	1.12583328412465	-0.340712766605973
ENSMUSG00000094777	-0.947193598158551	1.04553929243468	-0.0983456942761265
ENSMUSG00000024922	-1.15445737595719	0.597750026227625	0.556707349729564
ENSMUSG00000026278	-0.683346035008484	1.14776150354572	-0.464415468537233
ENSMUSG00000025092	1.01566528074003	-0.983561584333339	-0.0321036964066922
ENSMUSG00000035199	-0.89461713875194	1.07956257789507	-0.184945439143128
ENSMUSG00000001403	-0.954760661239795	1.03980726792972	-0.0850466066899294
ENSMUSG00000037443	-0.886547383485595	-0.197448793133559	1.08399617661916
ENSMUSG00000037820	0.860825234589918	0.236096899981364	-1.09692213457128
ENSMUSG00000025324	1.13009345071569	-0.770391787356252	-0.35970166335944
ENSMUSG00000020218	-1.14746498542372	0.685504942000159	0.461960043423561
ENSMUSG00000017631	1.14993769949978	-0.484235914980479	-0.665701784519296
ENSMUSG00000037138	0.537435229983987	-1.15380096145098	0.616365731466996
ENSMUSG00000054675	-1.15061596375286	0.491271216304433	0.65934474744843
ENSMUSG00000027239	-1.09611977607285	0.862529405440751	0.233590370632093
ENSMUSG00000016128	1.08307384467599	-0.888254797899777	-0.194819046776211
ENSMUSG00000021994	-1.10488979036092	0.261904169348176	0.842985621012745
ENSMUSG00000032218	-0.836276468683589	1.10768971968903	-0.271413251005442
ENSMUSG00000017716	-0.706254305876837	1.14426787466422	-0.438013568787381
ENSMUSG00000027326	-0.975369391410458	1.02293315457708	-0.0475637631666241
ENSMUSG00000083405	1.05134160548803	-0.1121364977252	-0.939205107762826
ENSMUSG00000024049	1.07791623675645	-0.180388125346731	-0.897528111409722
ENSMUSG00000040152	0.799118167885836	-1.12140229082104	0.322284122935201
ENSMUSG00000042436	-1.14103068490304	0.417098485221695	0.723932199681344
ENSMUSG00000040204	-1.07955808297092	0.894625147733097	0.184932935237828
ENSMUSG00000020357	0.825891706725953	-1.11182149793143	0.285929791205478
ENSMUSG00000049517	-1.10966599406651	0.831385046762219	0.278280947304289
ENSMUSG00000030732	0.175610609560219	-1.07617299210979	0.900562382549569
ENSMUSG00000003660	1.14409726957114	-0.707256172740704	-0.436841096830443
ENSMUSG00000015880	-0.953666995563188	1.0406503529572	-0.0869833573940133
ENSMUSG00000025140	-1.13940597562544	0.40748240640647	0.731923569218969
ENSMUSG00000033792	1.06993552435112	-0.911037543331431	-0.158897981019682
ENSMUSG00000021823	1.15400751049514	-0.542362749335434	-0.611644761159711
ENSMUSG00000035557	-1.11026906563464	0.829865221712977	0.280403843921666
ENSMUSG00000001131	-1.12174725198845	0.323676815323707	0.798070436664745
ENSMUSG00000030677	-0.908915067619266	1.0712273854488	-0.162312317829534
ENSMUSG00000038170	1.15088598195927	-0.656659321832672	-0.494226660126598
ENSMUSG00000090035	1.15470028423154	-0.576686668903331	-0.578013615328207
ENSMUSG00000041347	-1.08916701113689	0.876677492849686	0.212489518287202
ENSMUSG00000049516	1.14996152823811	-0.665486911309223	-0.484474616928878
ENSMUSG00000029313	1.12138180947736	-0.799180166614257	-0.322201642863106
ENSMUSG00000079523	-1.04580734950478	0.946832018687237	0.0989753308175426
ENSMUSG00000022371	-1.15463018062571	0.566276091663437	0.588354088962272
ENSMUSG00000005611	1.10168897187168	-0.251326444839421	-0.850362527032259
ENSMUSG00000040433	1.07995011959005	-0.893925345001977	-0.186024774588071
ENSMUSG00000023505	-0.883208874160907	1.08577565923538	-0.20256678507447
ENSMUSG00000029380	-1.06919372673965	0.912245616876883	0.156948109862769
ENSMUSG00000032518	-1.13596383364381	0.747396594287097	0.388567239356716
ENSMUSG00000039959	1.14919130600341	-0.672163612161658	-0.477027693841747
ENSMUSG00000039523	1.06642285564108	-0.916691179208727	-0.149731676432356
ENSMUSG00000020649	-1.14088445926101	0.724672537814505	0.416211921446507
ENSMUSG00000020788	1.15457570034589	-0.56258362873515	-0.591992071610744
ENSMUSG00000021775	-1.10924801095746	0.276817170357306	0.832430840600157
ENSMUSG00000049641	-1.01497932411668	0.984315341643386	0.0306639824732901
ENSMUSG00000045128	-1.15443779709483	0.598550318545338	0.555887478549492
ENSMUSG00000041431	-0.620307647906577	1.15360732976227	-0.53329968185569
ENSMUSG00000040648	1.14406663870446	-0.707435109047252	-0.436631529657205
ENSMUSG00000034354	1.04850256905284	-0.943156729725215	-0.105345839327617
ENSMUSG00000023232	-0.899325578849355	1.0768869339061	-0.177561355056746
ENSMUSG00000073557	1.12220679491092	-0.3255425091658	-0.796664285745126
ENSMUSG00000054196	-1.15175008341765	0.504434093992766	0.64731598942489
ENSMUSG00000004508	1.07890942662756	-0.895777371659621	-0.183132054967935
ENSMUSG00000037709	1.14954928265131	-0.480422454986899	-0.669126827664405
ENSMUSG00000051879	-1.12615103484049	0.784068469900104	0.342082564940389
ENSMUSG00000057454	-1.15170423458187	0.647845290818973	0.503858943762898
ENSMUSG00000032262	-1.15099838817875	0.495486490051628	0.655511898127127
ENSMUSG00000027715	-0.413797076432893	1.14048248444286	-0.726685408009972
ENSMUSG00000031519	-1.15415688430469	0.546395958402457	0.607760925902235
ENSMUSG00000034731	1.15333268233376	-0.528006368955574	-0.625326313378191
ENSMUSG00000000567	-1.00232395709718	0.997659726551321	0.00466423054586424
ENSMUSG00000022676	-1.15332481654842	0.625462005097996	0.527862811450423
ENSMUSG00000040952	-1.10793582940422	0.835674585623804	0.272261243780422
ENSMUSG00000022324	1.06567014766537	-0.147789164516455	-0.917880983148906
ENSMUSG00000018604	1.11580399664273	-0.300538285247668	-0.815265711395065
ENSMUSG00000026100	-0.936175284423316	-0.117302721243526	1.05347800566684
ENSMUSG00000022464	-1.10320758119154	0.846899870151755	0.256307711039784
ENSMUSG00000001506	-1.14968798411694	0.667920059781831	0.481767924335112
ENSMUSG00000019907	0.960415951883264	0.0749504694828436	-1.03536642136611
ENSMUSG00000058230	1.14739341263877	-0.686018865641899	-0.461374546996865
ENSMUSG00000022801	1.12326647016844	-0.793375177223524	-0.32989129294492
ENSMUSG00000051339	1.14779290265187	-0.683114533466684	-0.464678369185182
ENSMUSG00000059291	-1.08495724527995	0.884751659754938	0.200205585525017
ENSMUSG00000027875	1.00499653749794	-0.994927420721984	-0.0100691167759596
ENSMUSG00000073700	1.1202261334244	-0.802641534102653	-0.31758459932176
ENSMUSG00000056851	-1.13709685425686	0.742496862100875	0.394599992155986
ENSMUSG00000054641	0.667178787386757	-1.14977218525777	0.482593397871021
ENSMUSG00000068220	-1.01055295342498	0.989101906225078	0.0214510471999016
ENSMUSG00000025574	-1.11880425040069	0.806804200704993	0.312000049695701
ENSMUSG00000101939	-0.664269803793436	-0.485825501072871	1.15009530486631
ENSMUSG00000033306	1.1480682775604	-0.46700880278623	-0.681059474774166
ENSMUSG00000019820	1.15043617124875	-0.661081127219042	-0.489355044029706
ENSMUSG00000042988	-1.15075597275514	0.492791556643179	0.657964416111964
ENSMUSG00000043940	1.06839675239115	-0.913535013774958	-0.154861738616193
ENSMUSG00000046352	-1.15445431918493	0.5565772519306	0.597877067254331
ENSMUSG00000029174	1.13517399130273	-0.750712654974056	-0.384461336328675
ENSMUSG00000019966	0.994648241590539	0.0106189435590295	-1.00526718514957
ENSMUSG00000030084	1.15403537589267	-0.610955327687455	-0.543080048205216
ENSMUSG00000071856	1.03761060864816	-0.957579925987181	-0.0800306826609772
ENSMUSG00000024978	1.10524005677302	-0.842159857560806	-0.263080199212212
ENSMUSG00000037805	-1.05153594664049	0.938931518048201	0.112604428592286
ENSMUSG00000058325	1.11537069883123	-0.816453881392649	-0.298916817438586
ENSMUSG00000060548	-1.09779730913341	0.238848979442556	0.858948329690851
ENSMUSG00000032289	1.1404314702309	-0.413492902445058	-0.726938567785848
ENSMUSG00000027208	-1.14336354186316	0.711466814314626	0.431896727548533
ENSMUSG00000005268	-1.083604753109	0.887273872165471	0.196330880943535
ENSMUSG00000029417	-1.15337805325589	0.528842399779923	0.624535653475971
ENSMUSG00000039787	-1.05357332613458	0.1175343755437	0.936038950590878
ENSMUSG00000029708	1.15469985600639	-0.578437082138757	-0.576262773867638
ENSMUSG00000030306	1.04066241727645	-0.953651298123182	-0.0870111191532701
ENSMUSG00000031962	-0.765626588985143	1.13138656724497	-0.365759978259825
ENSMUSG00000047786	-0.882550597922777	1.08612282479956	-0.203572226876782
ENSMUSG00000049685	-1.07520321216971	0.172973659535302	0.902229552634413
ENSMUSG00000054146	-1.10321445782669	0.256330418053413	0.846884039773282
ENSMUSG00000024521	-0.927814811406297	1.05919704680345	-0.131382235397151
ENSMUSG00000061397	-0.874002110608167	-0.216520354436525	1.09052246504469
ENSMUSG00000035831	-1.15296117225085	0.631347711632888	0.521613460617966
ENSMUSG00000027306	-0.899228581986662	1.07694272810079	-0.177714146114132
ENSMUSG00000008683	-1.07441525888083	0.903573414705669	0.170841844175161
ENSMUSG00000050315	1.08842375668374	-0.210295280349431	-0.87812847633431
ENSMUSG00000042607	1.08675621970289	-0.205412595038458	-0.881343624664435
ENSMUSG00000032198	1.12442765089997	-0.789693150705452	-0.334734500194517
ENSMUSG00000025213	-1.1391753302518	0.40615671576417	0.733018614487629
ENSMUSG00000021375	1.11327415679734	-0.291183713651919	-0.822090443145427
ENSMUSG00000024048	-1.12733764788478	0.780076704450949	0.347260943433834
ENSMUSG00000084897	-1.13285849812927	0.760010543130525	0.372847954998743
ENSMUSG00000022893	1.15303668535484	-0.630182126269817	-0.522854559085012
ENSMUSG00000063661	-1.15442696853429	0.555446979252567	0.598979989281721
ENSMUSG00000074129	-1.11438294524454	0.819132283705759	0.295250661538781
ENSMUSG00000037486	1.14465809548875	-0.703928376481469	-0.440729719007279
ENSMUSG00000047675	-1.05963862076375	0.927153546308532	0.132485074455221
ENSMUSG00000001025	-1.15292507941247	0.631895570890855	0.521029508521613
ENSMUSG00000063632	-1.0485261352755	0.943124271060995	0.105401864214505
ENSMUSG00000023977	1.11277338312113	-0.823410189333439	-0.289363193787692
ENSMUSG00000078937	1.12308155456355	-0.329127640068448	-0.793953914495102
ENSMUSG00000027716	1.04182436691877	-0.0896912524150716	-0.952133114503697
ENSMUSG00000048327	-0.607039103343128	1.15418261379386	-0.547143510450731
ENSMUSG00000054203	1.13605473769453	-0.747009839277635	-0.389044898416895
ENSMUSG00000038550	-1.14657149271409	0.454835929677016	0.691735563037077
ENSMUSG00000020583	-1.14762117928999	0.463247387657231	0.684373791632759
ENSMUSG00000048232	1.15159353167979	-0.649106065010922	-0.502487466668874
ENSMUSG00000029177	-0.943392843421167	1.0483310176518	-0.104938174230638
ENSMUSG00000019731	0.841626123965972	-1.1054656020305	0.263839478064522
ENSMUSG00000027533	-1.15383077859992	0.615721326559938	0.538109452039983
ENSMUSG00000042046	1.15324721951298	-0.626779746112754	-0.526467473400225
ENSMUSG00000059898	-1.15465614548475	0.586096725474129	0.568559420010618
ENSMUSG00000007817	1.14082780315109	-0.724958208064301	-0.41586959508679
ENSMUSG00000070990	-1.11724657270222	0.811249634618374	0.305996938083849
ENSMUSG00000006058	-1.13209069332263	0.762966642028815	0.369124051293814
ENSMUSG00000025241	1.13886893193799	-0.734459212294557	-0.404409719643432
ENSMUSG00000045545	-1.0757457936179	0.174447195137962	0.901298598479936
ENSMUSG00000004473	-1.0738707901325	0.169374319086819	0.904496471045677
ENSMUSG00000033396	1.12507408230137	-0.78760643489468	-0.337467647406698
ENSMUSG00000062997	-1.11172488203644	0.826141629998413	0.285583252038034
ENSMUSG00000033453	1.15105534780461	-0.496131894935068	-0.654923452869536
ENSMUSG00000042129	1.15112124397564	-0.654236611025053	-0.496884632950583
ENSMUSG00000022510	-1.0758015660433	0.901202644941035	0.174598921102261
ENSMUSG00000032548	0.985864801894927	-1.01355985343965	0.0276950515447239
ENSMUSG00000024251	1.13953762395598	-0.731294360085921	-0.408243263870059
ENSMUSG00000022440	-1.00813927137067	0.991656968519318	0.0164823028513562
ENSMUSG00000070738	1.15360095115504	-0.620431131321382	-0.533169819833661
ENSMUSG00000029304	-1.1093354205992	0.832212649819298	0.277122770779904
ENSMUSG00000026924	1.12510001661257	-0.7875221498345	-0.337577866778074
ENSMUSG00000024660	-1.11648055526831	0.813393912295364	0.303086642972946
ENSMUSG00000045573	0.31954288854444	0.801175618153961	-1.1207185066984
ENSMUSG00000003435	0.924340694038518	-1.06149973142177	0.137159037383253
ENSMUSG00000051118	-1.10516480978203	0.84233757294603	0.262827236835998
ENSMUSG00000071415	-1.11028743244657	0.829818729672625	0.280468702773953
ENSMUSG00000079020	1.06874906915456	-0.155782973147353	-0.912966096007203
ENSMUSG00000037725	-0.906001018828621	1.07297761819424	-0.166976599365623
ENSMUSG00000031328	1.13139395813961	-0.365795044076944	-0.765598914062666
ENSMUSG00000004677	1.15072994877598	-0.65822291753485	-0.492507031241127
ENSMUSG00000061048	-1.11389662926779	0.8204359319509	0.293460697316889
ENSMUSG00000037415	1.11034880806113	-0.829663280540932	-0.280685527520196
ENSMUSG00000039470	1.11875344294238	-0.311802388333793	-0.806951054608586
ENSMUSG00000039620	1.15403387415037	-0.610992854798068	-0.543041019352303
ENSMUSG00000038244	0.81742119445212	0.297594537361926	-1.11501573181405
ENSMUSG00000005952	0.974080513193785	0.049965670150755	-1.02404618334454
ENSMUSG00000037568	-1.12330603153463	0.793251093562535	0.330054937972096
ENSMUSG00000040506	1.09298659548785	-0.869038219519026	-0.223948375968826
ENSMUSG00000048922	-0.958250100020343	1.0370834349801	-0.0788333349597568
ENSMUSG00000078886	-1.10434708400933	0.844257671203881	0.260089412805452
ENSMUSG00000101645	1.05384384826729	-0.118192358770554	-0.935651489496731
ENSMUSG00000024163	0.978547339403222	-1.02015390893656	0.0416065695333407
ENSMUSG00000020741	1.13453673661155	-0.753332322254712	-0.381204414356834
ENSMUSG00000028234	-1.05287736933535	0.937032077035481	0.115845292299869
ENSMUSG00000034235	1.04032816403468	-0.954085714731324	-0.0862424493033636
ENSMUSG00000079013	-0.980475648717885	-0.0379672747298788	1.01844292344776
ENSMUSG00000061477	-1.04770909376463	0.944246317891417	0.103462775873214
ENSMUSG00000024791	-1.01402941761289	0.985353767593978	0.0286756500189153
ENSMUSG00000041341	1.14038310747017	-0.727178101399215	-0.413205006070962
ENSMUSG00000090958	1.06930109356429	-0.157229855143922	-0.912071238420357
ENSMUSG00000040212	-1.13494233317128	0.751670583744854	0.383271749426427
ENSMUSG00000051397	-1.12967364450231	0.771907082519605	0.35776656198271
ENSMUSG00000060636	-1.00073150837164	0.999266882781626	0.00146462559000979
ENSMUSG00000066364	-1.05647320184813	0.124630009882021	0.931843191966104
ENSMUSG00000028640	-1.11080258047403	0.828509730987523	0.282292849486509
ENSMUSG00000047419	1.06763000852865	-0.914767263303216	-0.152862745225434
ENSMUSG00000041528	1.12117784535478	-0.799796320795035	-0.321381524559743
ENSMUSG00000029061	-1.10553243650886	0.264064774077061	0.841467662431792
ENSMUSG00000079243	1.01701910779787	-0.0349548043920716	-0.982064303405805
ENSMUSG00000003226	1.10941823060331	-0.83200569336162	-0.277412537241686
ENSMUSG00000058558	-1.07775315071323	0.897814048457127	0.179939102256104
ENSMUSG00000041741	1.02666126803586	-0.0556462662094499	-0.971015001826408
ENSMUSG00000027015	-1.00619885567115	0.012515187225926	0.993683668445227
ENSMUSG00000051910	1.07179097367844	-0.907981607994083	-0.163809365684349
ENSMUSG00000041797	1.01331385560415	-0.986131924575094	-0.0271819310290617
ENSMUSG00000029683	-0.843892390161359	1.10450331750401	-0.260610927342646
ENSMUSG00000040797	-1.00515570544948	0.994763291204763	0.0103924142447112
ENSMUSG00000020196	1.15464193216759	-0.587396002570707	-0.567245929596892
ENSMUSG00000060962	-1.14695763990671	0.457866843087943	0.689090796818764
ENSMUSG00000015750	1.13495354231714	-0.751624382020985	-0.383329160296153
ENSMUSG00000031273	1.00174570136609	-0.0035005933687365	-0.998245107997348
ENSMUSG00000019932	-1.10391342904884	0.258645692102457	0.845267736946387
ENSMUSG00000022483	-1.15156858659713	0.502181692991071	0.649386893606054
ENSMUSG00000067288	-1.13383839144659	0.75614888832295	0.377689503123639
ENSMUSG00000002343	1.12996520199529	-0.359108897699229	-0.770856304296061
ENSMUSG00000070436	-1.14502512799635	0.701694962925865	0.443330165070482
ENSMUSG00000079641	-0.966187464159197	1.0306896945156	-0.0645022303564087
ENSMUSG00000046330	-1.05575089166493	0.932897100885036	0.122853790779899
ENSMUSG00000025794	-1.08035349725365	0.8932025844078	0.187150912845849
ENSMUSG00000027678	0.905508650419284	-1.07327069325474	0.167762042835461
ENSMUSG00000058427	-1.15054332932199	0.490492330419076	0.660050998902915
ENSMUSG00000029009	0.934903782982867	-1.05436431036093	0.119460527378062
ENSMUSG00000034525	1.14004298808264	-0.728849983276441	-0.411193004806194
ENSMUSG00000052934	1.0708368699207	-0.909559181890998	-0.161277688029706
ENSMUSG00000031230	-1.07307477175129	0.905837941890915	0.167236829860376
ENSMUSG00000021469	-1.11698520559315	0.811984294700915	0.305000910892233
ENSMUSG00000043557	-1.09124156066656	0.218674466383271	0.872567094283294
ENSMUSG00000020576	1.13697445683137	-0.743034681518744	-0.393939775312622
ENSMUSG00000045790	1.11175739598467	-0.826057563477842	-0.285699832506825
ENSMUSG00000027524	-0.773382295438155	1.12926092142867	-0.355878625990509
ENSMUSG00000022840	0.767850802766896	0.362937275765223	-1.13078807853211
ENSMUSG00000026574	-0.705286519405956	1.14443123268449	-0.439144713278537
ENSMUSG00000034055	1.01600198973014	-0.983190396733732	-0.0328115929964064
ENSMUSG00000025362	-0.973501709733417	1.02454339466211	-0.0510416849286927
ENSMUSG00000021643	-1.15111090097333	0.654344854883987	0.496766046089336
ENSMUSG00000041841	-1.05221660083858	0.937970132457384	0.1142464683812
ENSMUSG00000033209	1.04937314471667	-0.941953875607208	-0.107419269109459
ENSMUSG00000021273	-1.15462701320698	0.588598243177351	0.566028770029631
ENSMUSG00000036745	1.12079771442135	-0.319859125542667	-0.800938588878679
ENSMUSG00000060913	-1.10327665667674	0.846740792110113	0.256535864566622
ENSMUSG00000039452	-1.15220577424924	0.641802128673016	0.510403645576223
ENSMUSG00000074476	-1.00354138416157	0.996420586153662	0.0071207980079117
ENSMUSG00000002769	-1.13812672358868	0.400241944936259	0.737884778652422
ENSMUSG00000047036	1.14239797102215	-0.716784550912844	-0.425613420109309
ENSMUSG00000056328	-1.07900161036413	0.183387559677608	0.895614050686519
ENSMUSG00000032911	1.13561629302487	-0.386750900696809	-0.748865392328061
ENSMUSG00000028347	-1.09691815856867	0.860833718222474	0.2360844403462
ENSMUSG00000041949	1.13543032040609	-0.749645066009915	-0.385785254396176
ENSMUSG00000014303	-0.9547204214697	1.03983837708581	-0.0851179556161111
ENSMUSG00000034892	-1.08580396488145	0.883155288649188	0.202648676232264
ENSMUSG00000030672	-1.14777702439524	0.464545351904846	0.683231672490391
ENSMUSG00000029414	-1.1009133925317	0.852105957177031	0.248807435354667
ENSMUSG00000073403	-1.13408658843315	0.755154185586647	0.378932402846504
ENSMUSG00000022986	-0.76767304989298	1.13083623468606	-0.363163184793084
ENSMUSG00000035948	1.0823061511159	-0.192641890023665	-0.889664261092237
ENSMUSG00000021277	1.11561287495729	-0.299822067947953	-0.815790807009339
ENSMUSG00000032068	-0.959303458475316	1.03625091709008	-0.0769474586147622
ENSMUSG00000029587	1.07168786735506	-0.908152725170526	-0.163535142184531
ENSMUSG00000020216	-1.09577507421636	0.863256749373102	0.232518324843257
ENSMUSG00000029720	1.14430190737268	-0.706053375574196	-0.438248531798487
ENSMUSG00000017724	-1.14835755289376	0.678850635290997	0.469506917602769
ENSMUSG00000024011	-0.8532385305915	-0.247167056497401	1.1004055870889
ENSMUSG00000034126	1.15420544052867	-0.606383273375707	-0.547822167152967
ENSMUSG00000001504	-1.15401232653176	0.542485696010095	0.61152663052167
ENSMUSG00000031385	1.11014615318586	-0.830176037182201	-0.279970116003655
ENSMUSG00000004347	-1.09251515844412	0.869998172023401	0.222516986420721
ENSMUSG00000019984	1.15323757111435	-0.526296539703969	-0.626941031410377
ENSMUSG00000035181	1.15284278112741	-0.63312360834936	-0.519719172778051
ENSMUSG00000037601	-1.12674199437143	0.782093100755339	0.344648893616089
ENSMUSG00000025266	1.14354103749223	-0.71046234142644	-0.43307869606579
ENSMUSG00000043456	1.00757304755099	-0.0153221797475916	-0.992250867803397
ENSMUSG00000041219	-0.988975445694935	1.01067148456356	-0.0216960388686269
ENSMUSG00000017588	-1.15439142849276	0.554058679716751	0.600332748776014
ENSMUSG00000026039	-0.842397567251835	1.10513939070824	-0.26274182345641
ENSMUSG00000024378	-0.946654163985665	1.04593901022735	-0.0992848462416858
ENSMUSG00000092329	1.14774801789739	-0.464302728224835	-0.683445289672551
ENSMUSG00000024066	1.09950528655105	-0.855229473222934	-0.244275813328116
ENSMUSG00000060935	-1.13549901413291	0.749357578686075	0.386141435446833
ENSMUSG00000056900	1.13975695298857	-0.409517739137364	-0.730239213851209
ENSMUSG00000020897	-0.654932098545884	1.15105451429702	-0.496122415751134
ENSMUSG00000005220	-1.11909332097447	0.805966229947023	0.313127091027448
ENSMUSG00000078684	1.13914545063373	-0.405985648427054	-0.733159802206675
ENSMUSG00000037999	1.10221300163397	-0.253037927713772	-0.849175073920193
ENSMUSG00000022033	-0.168734494755889	1.07363288546996	-0.904898390714072
ENSMUSG00000009927	-1.11372747275003	0.820887101498967	0.292840371251064
ENSMUSG00000061816	-1.14972035196668	0.482084456071258	0.667635895895425
ENSMUSG00000004098	1.12851242835286	-0.776022061965579	-0.352490366387273
ENSMUSG00000027962	-1.05366456902847	0.935908355655702	0.117756213372769
ENSMUSG00000038718	1.15428954943346	-0.603822987766534	-0.550466561666921
ENSMUSG00000104063	0.845240507962561	-1.10392515105336	0.258684643090793
ENSMUSG00000040564	-0.741728895437946	1.13727079180434	-0.395541896366398
ENSMUSG00000051278	1.13566074853035	-0.386982376804308	-0.748678371726046
ENSMUSG00000090733	-1.15279007627967	0.518894777067973	0.6338952992117
ENSMUSG00000006576	1.04500944240614	-0.0971032062063638	-0.947906236199786
ENSMUSG00000098428	1.15276708769895	-0.518538655237244	-0.634228432461705
ENSMUSG00000027878	1.12577972771321	-0.785297155783996	-0.340482571929214
ENSMUSG00000034394	-1.11051242647845	0.829248207607132	0.281264218871323
ENSMUSG00000026971	-1.13955809765648	0.408361867124566	0.731196230531915
ENSMUSG00000035969	1.07318450552847	-0.905653579402791	-0.167530926125674
ENSMUSG00000019848	-1.03167106130615	0.964991534673486	0.0666795266326607
ENSMUSG00000039414	1.14330101457176	-0.711818594093758	-0.431482420478008
ENSMUSG00000002831	1.05271871957705	-0.11546098659993	-0.937257732977125
ENSMUSG00000028936	-1.01913123533361	0.979702452934518	0.0394287823990957
ENSMUSG00000027985	-1.09064662999001	0.21689151633875	0.873755113651257
ENSMUSG00000042029	1.13515540054681	-0.750789769900531	-0.384365630646281
ENSMUSG00000030303	-1.02128488287536	0.977261012658003	0.0440238702173595
ENSMUSG00000038319	0.834154696429056	0.274398939751308	-1.10855363618036
ENSMUSG00000042045	-1.0585336264444	0.92880394699683	0.129729679447574
ENSMUSG00000069272	-0.986633014523609	1.01285136748684	-0.0262183529632252
ENSMUSG00000022479	-1.15462871883089	0.588467441420319	0.566161277410568
ENSMUSG00000053965	0.991382439466589	0.0170179025163075	-1.0084003419829
ENSMUSG00000005871	1.15028297747221	-0.487752680509534	-0.662530296962668
ENSMUSG00000092586	-1.14814973347659	0.467706910387599	0.680442823088992
ENSMUSG00000025105	-1.13999507130704	0.410911307315708	0.729083763991328
ENSMUSG00000042306	-1.1546980546941	0.575274933749711	0.579423120944386
ENSMUSG00000036568	1.10880324777137	-0.833536928529771	-0.275266319241599
ENSMUSG00000039298	-1.15089482834635	0.656569671071176	0.494325157275169
ENSMUSG00000018893	-1.14998959724769	0.484756532535789	0.665233064711897
ENSMUSG00000102697	1.03202657234333	-0.9645563336966	-0.0674702386467308
ENSMUSG00000031907	-1.13263790152	0.371771943509104	0.760865958010895
ENSMUSG00000015944	1.15287075425491	-0.520161333485775	-0.632709420769133
ENSMUSG00000033039	1.15467362621852	-0.584164161535581	-0.570509464682935
ENSMUSG00000027668	0.988312272556739	-1.01129164940361	0.0229793768468618
ENSMUSG00000024451	1.09507880675767	-0.864717279723713	-0.230361527033956
ENSMUSG00000003355	-1.10598021747742	0.84040238911561	0.265577828361809
ENSMUSG00000071019	-1.1234171651595	0.330515146754358	0.79290201840514
ENSMUSG00000047501	-1.08123319483935	0.891616716768829	0.18961647807052
ENSMUSG00000025202	-1.15354958797548	0.532137241846082	0.621412346129398
ENSMUSG00000029577	1.06565783685157	-0.917900380712489	-0.147757456139083
ENSMUSG00000040537	1.15050260815648	-0.490058514073144	-0.660444094083336
ENSMUSG00000036529	1.12701441175896	-0.781174122901112	-0.345840288857847
ENSMUSG00000026413	-0.885678983378674	1.08446208621122	-0.198783102832543
ENSMUSG00000025747	-0.855646817223277	1.0993153245211	-0.243668507297823
ENSMUSG00000034684	1.101079333565	-0.851734331238968	-0.249345002326026
ENSMUSG00000089960	-1.13328053453076	0.374920621583838	0.758359912946923
ENSMUSG00000031103	-1.09192436696238	0.220730139203036	0.871194227759347
ENSMUSG00000047821	-1.15174127136873	0.50432321875367	0.647418052615062
ENSMUSG00000020914	-0.467625810161189	1.14814029516213	-0.680514485000944
ENSMUSG00000069441	-1.14899397498358	0.673792677673037	0.475201297310545
ENSMUSG00000024678	-1.15130526136953	0.499022699475552	0.652282561893979
ENSMUSG00000002020	1.1159082648331	-0.300929700974951	-0.814978563858152
ENSMUSG00000067006	-1.13865409195538	0.735459957090906	0.403194134864474
ENSMUSG00000002032	1.14998375898295	-0.665285929996392	-0.484697828986558
ENSMUSG00000057278	-1.0685699861036	0.913255491374446	0.155314494729152
ENSMUSG00000024542	1.14474910505847	-0.703378807616149	-0.44137029744232
ENSMUSG00000052909	-1.13828929988867	0.401147321634555	0.737141978254112
ENSMUSG00000026955	-1.09366840121769	0.867641106914578	0.226027294303112
ENSMUSG00000041261	-1.10276843021874	0.254860452175147	0.847907978043594
ENSMUSG00000030814	-1.00758107771094	0.992242459600129	0.0153386181108082
ENSMUSG00000069919	-0.965715361380489	-0.0653625128408888	1.03107787422138
ENSMUSG00000026414	-1.04326149753742	0.9502378950192	0.0930236025182163
ENSMUSG00000034634	-1.14367413260807	0.709703337749894	0.433970794858176
ENSMUSG00000044447	1.13334762583085	-0.758095779438831	-0.375251846392016
ENSMUSG00000040697	1.15003832706056	-0.485247872357631	-0.664790454702934
ENSMUSG00000079588	-1.14977644789657	0.482635365473509	0.667141082423056
ENSMUSG00000025991	-1.12622105937551	0.342385374654767	0.783835684720739
ENSMUSG00000020953	-1.15418204404339	0.547126761545948	0.607055282497448
ENSMUSG00000020061	-1.08235451729258	0.889575772093543	0.192778745199042
ENSMUSG00000012519	1.15164440226233	-0.503114718343071	-0.648529683919261
ENSMUSG00000021214	0.126273626285924	0.930865816872901	-1.05713944315882
ENSMUSG00000028678	-0.776378812264855	1.12841028863957	-0.352031476374719
ENSMUSG00000028150	1.12220890892838	-0.325551119651601	-0.796657789276778
ENSMUSG00000027864	-0.992029257570974	1.00778456156035	-0.0157553039893743
ENSMUSG00000027650	1.15076509647561	-0.657873575326284	-0.492891521149322
ENSMUSG00000037110	1.14378771565136	-0.70905159965523	-0.434736115996131
ENSMUSG00000032777	1.14923989085789	-0.477482131238411	-0.671757759619478
ENSMUSG00000002055	-0.689073904098474	1.14696007361159	-0.457886169513112
ENSMUSG00000032480	1.15351970067684	-0.531546742584105	-0.621972958092741
ENSMUSG00000033491	-1.10922595713686	0.276740108337513	0.832485848799346
ENSMUSG00000062248	-1.0604337232589	0.92595697702268	0.134476746236222
ENSMUSG00000033083	1.07893891739354	-0.18321377888207	-0.895725138511476
ENSMUSG00000020330	-0.524701817257439	1.15314606029102	-0.628444243033578
ENSMUSG00000021614	-0.951252648550454	1.04249385639301	-0.0912412078425603
ENSMUSG00000022376	0.760820799554947	-1.13264957930977	0.371828779754828
ENSMUSG00000030816	1.10741219651075	-0.836952758014025	-0.270459438496725
ENSMUSG00000050505	0.963338886727478	-1.03301655906219	0.0696776723347037
ENSMUSG00000035799	-1.15448124329461	0.596728929955007	0.557752313339605
ENSMUSG00000049739	1.11513834670667	-0.817087671303369	-0.298050675403298
ENSMUSG00000041845	-1.12878190348702	0.353705022526199	0.775076880960823
ENSMUSG00000045980	1.15383051874532	-0.538103527783865	-0.615726990961461
ENSMUSG00000027469	-0.552154567751191	1.15433920379677	-0.602184636045574
ENSMUSG00000041975	1.09866064695834	-0.241582720533494	-0.857077926424844
ENSMUSG00000053646	1.1503902887965	-0.66151801264317	-0.488872276153332
ENSMUSG00000050271	0.875627755662149	-1.08970115730165	0.214073401639503
ENSMUSG00000022263	1.03930476467745	-0.0838953346744694	-0.955409430002978
ENSMUSG00000030433	-0.956552343797034	1.0384151815937	-0.0818628377966662
ENSMUSG00000038155	-0.931594998755433	1.05664271491255	-0.125047716157113
ENSMUSG00000097808	-0.931594998755433	1.05664271491255	-0.125047716157113
ENSMUSG00000006649	-1.10832440515378	0.834720146156094	0.273604258997684
ENSMUSG00000028532	1.14446840840496	-0.705065099035946	-0.439403309369019
ENSMUSG00000038766	1.0755856770253	-0.901573800814865	-0.174011876210432
ENSMUSG00000057722	0.203712881822393	-1.08617132769017	0.882458445867785
ENSMUSG00000009394	1.08745466395368	-0.880003654937641	-0.207451009016041
ENSMUSG00000039662	1.14680097686338	-0.69017222987158	-0.456628746991793
ENSMUSG00000020701	-1.07822478824703	0.896985946523296	0.181238841723732
ENSMUSG00000023391	-1.07909336676692	0.183642020096043	0.895451346670875
ENSMUSG00000030867	-0.755409028662019	1.13402316381807	-0.378614135156048
ENSMUSG00000038024	0.994374527357355	-1.00553210186151	0.0111575745041527
ENSMUSG00000046380	1.12641749830001	-0.34323667218871	-0.783180826111297
ENSMUSG00000045328	-0.855098598372227	1.0995647679786	-0.244466169606377
ENSMUSG00000026669	-1.03809237433981	0.956965319833864	0.0811270545059422
ENSMUSG00000032115	1.15434934032437	-0.601836388867743	-0.552512951456632
ENSMUSG00000032172	0.651224522292385	-1.15140277100556	0.500178248713174
ENSMUSG00000028976	-1.14834745029904	0.469418772790393	0.67892867750865
ENSMUSG00000028348	-1.15432667982225	0.5517185528634	0.602608126958851
ENSMUSG00000019880	-1.12163592254166	0.798409297283076	0.323226625258588
ENSMUSG00000030739	0.735934182588246	-1.13855171297667	0.40261753038842
ENSMUSG00000001150	1.14378845091822	-0.434741082368741	-0.709047368549482
ENSMUSG00000027580	1.12056927708072	-0.80162127365218	-0.318948003428537
ENSMUSG00000032852	-1.15356471005611	0.532438868641932	0.621125841414176
ENSMUSG00000036208	1.15440146189937	-0.554442247400661	-0.599959214498705
ENSMUSG00000030166	-1.15446850907339	0.557188153459258	0.597280355614126
ENSMUSG00000028246	1.14677609986678	-0.690342881303256	-0.456433218563522
ENSMUSG00000019942	-0.331514079787907	1.12365777127314	-0.792143691485234
ENSMUSG00000020722	-1.13208267188818	0.762997214271917	0.369085457616265
ENSMUSG00000041037	1.15411608016297	-0.608870854039841	-0.545245226123127
ENSMUSG00000034906	1.08669717277757	-0.205240702706786	-0.881456470070789
ENSMUSG00000073940	-0.987402154985233	-0.0247367087921878	1.01213886377742
ENSMUSG00000051351	-0.789851851456574	-0.334526293106482	1.12437814456306
ENSMUSG00000023868	-1.15274872261478	0.518255630398205	0.634493092216577
ENSMUSG00000020407	-0.745785448862776	1.13634085508494	-0.39055540622217
ENSMUSG00000069227	1.14613818990058	-0.451514838593032	-0.694623351307547
ENSMUSG00000036306	-1.12048158655465	0.801882595629436	0.318598990925215
ENSMUSG00000053522	-0.96941030612497	1.02801238086644	-0.0586020747414693
ENSMUSG00000034435	-1.15339329380508	0.529126358338091	0.624266935466988
ENSMUSG00000021071	1.13507484667855	-0.383951423523788	-0.751123423154762
ENSMUSG00000040612	0.864199572471107	0.231126663934796	-1.09532623640591
ENSMUSG00000027356	-0.856518960953899	1.0989169579905	-0.242397997036602
ENSMUSG00000032254	-0.70852579737942	1.14387887866725	-0.435353081287833
ENSMUSG00000040310	-1.0018858826198	0.998103386895989	0.00378249572381063
ENSMUSG00000022015	-1.06395355543369	0.920566695123363	0.143386860310328
ENSMUSG00000040102	1.11395844873082	-0.820270756466083	-0.293687692264735
ENSMUSG00000031891	-1.13571751195132	0.748439208365513	0.387278303585811
ENSMUSG00000054293	1.15076776632749	-0.657846971792754	-0.492920794534732
ENSMUSG00000022523	-1.15359846853406	0.533119375671681	0.620479092862375
ENSMUSG00000029153	-0.880551341557492	1.08716978975107	-0.206618448193574
ENSMUSG00000033419	-1.04726125347964	0.944858475083439	0.102402778396196
ENSMUSG00000021604	-0.96580474195249	1.03100446029589	-0.0651997183434034
ENSMUSG00000034832	0.885707253222517	-1.08444695278584	0.198739699563329
ENSMUSG00000047757	-1.14901455121796	0.673624230854022	0.475390320363934
ENSMUSG00000034310	0.917339655668608	0.148673540535969	-1.06601319620458
ENSMUSG00000027869	-1.15264936126995	0.516746266146357	0.635903095123596
ENSMUSG00000019761	-1.04586597601745	0.0991131322246808	0.946752843792766
ENSMUSG00000069515	1.07682202185994	-0.177383657495205	-0.899438364364724
ENSMUSG00000004698	1.14243183721759	-0.425829801720934	-0.716602035496656
ENSMUSG00000067038	-1.10340772687717	0.84643855973479	0.25696916714238
ENSMUSG00000039481	-1.02288226550936	0.975428097205002	0.0474541683043615
ENSMUSG00000041476	-1.15436968221865	0.553247890994269	0.60112179122438
ENSMUSG00000052316	-1.09695054798181	0.860764597314326	0.236185950667488
ENSMUSG00000034573	1.08766231852541	-0.879603419351205	-0.208058899174215
ENSMUSG00000022421	1.09711743167092	-0.236709383877127	-0.860408047793788
ENSMUSG00000101439	1.02875853093088	-0.96851791585506	-0.0602406150758154
ENSMUSG00000038970	1.09722103572168	-0.860186349846223	-0.237034685875456
ENSMUSG00000019732	1.14889104803132	-0.47426059593202	-0.674630452099301
ENSMUSG00000068115	1.1465919907002	-0.45499508602722	-0.691596904672977
ENSMUSG00000000861	-1.12736827594879	0.779972320240984	0.34739595570781
ENSMUSG00000001228	-1.13699621638666	0.742939224166054	0.39405699222061
ENSMUSG00000001655	-1.15404194277263	0.610790717331133	0.543251225441498
ENSMUSG00000021720	1.15321297269095	-0.525863213757115	-0.627349758933837
ENSMUSG00000079362	0.231018258736211	-1.09529120876018	0.864272950023975
ENSMUSG00000028407	-1.03910602212089	0.955665388887629	0.0834406332332589
ENSMUSG00000032783	-0.877262436173157	1.08886806997953	-0.211605633806371
ENSMUSG00000024471	-1.12019398069666	0.317457166312333	0.802736814384331
ENSMUSG00000080268	1.11171419069867	-0.285544926460462	-0.826169264238206
ENSMUSG00000050359	-1.09233959680925	0.221985199862459	0.870354396946796
ENSMUSG00000042340	-1.13203070549231	0.36883558358377	0.763195121908543
ENSMUSG00000025064	-1.11168760895524	0.826237952105735	0.285449656849505
ENSMUSG00000001604	-0.925009554116723	-0.136050144059648	1.06105969817637
ENSMUSG00000003644	-1.15094954539888	0.494936843997551	0.656012701401327
ENSMUSG00000031312	-1.15312518761628	0.524344529274064	0.628780658342219
ENSMUSG00000032356	1.14382212342303	-0.708853430889313	-0.434968692533715
ENSMUSG00000026822	1.13454463659741	-0.753300140615799	-0.381244495981608
ENSMUSG00000060012	0.686564873551347	-1.14731695456957	0.460752081018224
ENSMUSG00000043430	-0.926529202312075	1.06005411844602	-0.133524916133947
ENSMUSG00000034303	0.551667698293297	-1.15432520539031	0.602657507097016
ENSMUSG00000042453	0.670795697387936	-1.14935414314372	0.478558445755786
ENSMUSG00000067219	-1.15415251732087	0.607881697651316	0.546270819669556
ENSMUSG00000073490	1.12303253677543	-0.794106984040339	-0.328925552735097
ENSMUSG00000041229	0.974001243559936	-1.02411437431082	0.050113130750882
ENSMUSG00000036298	1.12436118505943	-0.789906182108094	-0.334455002951334
ENSMUSG00000039747	-0.974326152913231	1.02383468071007	-0.0495085277968397
ENSMUSG00000036281	0.935018436226782	-1.05428463761988	0.119266201393098
ENSMUSG00000004864	-1.14449784154912	0.43960836130254	0.704889480246582
ENSMUSG00000030110	-0.931923241150126	1.05641848136439	-0.124495240214263
ENSMUSG00000095432	-1.07485359620418	0.9028270034184	0.172026592785785
ENSMUSG00000061527	-1.15366997668804	0.534595330835146	0.619074645852892
ENSMUSG00000024084	-1.14584888581038	0.449341482245819	0.696507403564561
ENSMUSG00000024112	1.02035675516031	-0.0420394354389981	-0.978317319721313
ENSMUSG00000057948	-1.15427342712424	0.60433306582014	0.549940361304103
ENSMUSG00000048251	-1.13989621910945	0.729564704071049	0.410331515038398
ENSMUSG00000037188	-1.14843262393477	0.470164011600081	0.678268612334687
ENSMUSG00000027636	-1.14985936377154	0.666404173741079	0.483455190030459
ENSMUSG00000010080	-1.15104207326165	0.655061021456924	0.49598105180473
ENSMUSG00000050558	-1.15244857754409	0.513800678755861	0.63864789878823
ENSMUSG00000031821	-0.675203022257451	1.14882013705567	-0.473617114798221
ENSMUSG00000041782	-1.15169424903229	0.647960005192595	0.503734243839699
ENSMUSG00000038745	-1.02244662646624	0.0465167692498797	0.975929857216364
ENSMUSG00000021569	-0.704649902318151	1.14453791897282	-0.439888016654672
ENSMUSG00000003824	-1.06125081432762	0.924719344971433	0.136531469356192
ENSMUSG00000048373	-0.978634220198351	1.020077222855	-0.0414430026566485
ENSMUSG00000026407	0.990341450463389	-1.00938649572163	0.0190450452582371
ENSMUSG00000025429	-0.960455807813046	1.03533463321958	-0.0748788254065378
ENSMUSG00000038233	-1.0277412212426	0.0580077073059868	0.969733513936618
ENSMUSG00000044927	-0.794453907833213	1.1229212705861	-0.328467362752885
ENSMUSG00000082361	1.15325531164042	-0.526611262209043	-0.626644049431376
ENSMUSG00000039697	-0.513878263846844	1.15245398241967	-0.638575718572825
ENSMUSG00000045777	-1.15246942500091	0.638368989100003	0.514100435900911
ENSMUSG00000049382	-0.635850603897192	1.15265310617143	-0.516802502274243
ENSMUSG00000015396	-0.776364805970562	-0.352049497190413	1.12841430316097
ENSMUSG00000005251	-1.15071314178462	0.492323752120845	0.65838938966377
ENSMUSG00000051977	1.11230214410452	-0.28765907000123	-0.824643074103288
ENSMUSG00000096544	1.14280102194107	-0.71459397516441	-0.428207046776653
ENSMUSG00000102752	1.07720790027892	-0.898766905872701	-0.178440994406226
ENSMUSG00000002083	-1.13283392183128	0.372727830706239	0.76010609112504
ENSMUSG00000073565	-1.06728453311834	0.915319871383939	0.151964661734402
ENSMUSG00000058665	-0.987847457739949	1.01172489744488	-0.0238774397049314
ENSMUSG00000000889	0.879237817267329	-1.0878516180176	0.208613800750271
ENSMUSG00000022412	1.12330872043355	-0.330066063991631	-0.793242656441914
ENSMUSG00000063727	-1.12441378549047	0.33467617119484	0.789737614295631
ENSMUSG00000070564	-1.12930696741133	0.773218413684714	0.356088553726618
ENSMUSG00000034607	-0.704825053282387	-0.439683574345995	1.14450862762839
ENSMUSG00000030515	1.15173665143014	-0.647471498231126	-0.504265153199015
ENSMUSG00000025216	-0.795295046028789	1.12265051771273	-0.327355471683936
ENSMUSG00000054752	-1.04084501662553	0.953413545776992	0.0874314708485386
ENSMUSG00000029086	-0.926591823850884	-0.133420682430302	1.06001250628119
ENSMUSG00000040387	-1.0757080136303	0.901363569356043	0.174344444274252
ENSMUSG00000036553	1.14528437621034	-0.700089326976013	-0.445195049234329
ENSMUSG00000045273	-0.835365639784986	1.10806183601332	-0.272696196228336
ENSMUSG00000041920	-1.07609612624488	0.175401064912652	0.900695061332229
ENSMUSG00000054008	1.09208799454954	-0.870863730543197	-0.221224264006342
ENSMUSG00000039323	-0.556023526632305	1.15444109781696	-0.598417571184656
ENSMUSG00000059326	-1.14327466219668	0.431308128562693	0.711966533633993
ENSMUSG00000045763	-1.14228391540713	0.424886727193284	0.717397188213847
ENSMUSG00000028018	-0.974632661771749	1.02357035740296	-0.0489376956312086
ENSMUSG00000074283	1.11565641336381	-0.815671328541197	-0.299985084822618
ENSMUSG00000020747	1.12500695369113	-0.787824393783953	-0.337182559907172
ENSMUSG00000080859	1.15470024586643	-0.578061914344374	-0.576638331522051
ENSMUSG00000041220	-0.957204715655864	1.0379049139142	-0.0807001982583346
ENSMUSG00000026141	-1.03167648465721	0.964984903514025	0.0666915811431815
ENSMUSG00000031111	1.11656586612875	-0.30340943513431	-0.813156430994445
ENSMUSG00000033981	1.06472396369313	-0.919366065614667	-0.145357898078466
ENSMUSG00000042644	1.12832871431389	-0.351665570475513	-0.776663143838373
ENSMUSG00000032890	1.14859034408787	-0.471556834014317	-0.67703351007355
ENSMUSG00000063903	-1.09767257484632	0.859217003355517	0.238455571490807
ENSMUSG00000000308	-1.15450081903836	0.595848638731226	0.55865218030713
ENSMUSG00000052305	-0.860052191616632	-0.237231478724616	1.09728367034125
ENSMUSG00000038077	1.12801163931833	-0.77776340706084	-0.350248232257488
ENSMUSG00000001510	-1.12256997626494	0.795544430399791	0.327025545865151
ENSMUSG00000021943	-0.853394829637015	1.10033526155933	-0.246940431922312
ENSMUSG00000078651	1.14104849818566	-0.723841709257001	-0.417206788928656
ENSMUSG00000021032	1.13661617772709	-0.744596909827335	-0.392019267899747
ENSMUSG00000026430	-0.986892150690005	-0.0257195169084175	1.01261166759842
ENSMUSG00000047502	0.589167840931257	-1.15461935078772	0.565451509856459
ENSMUSG00000028468	1.11034410629561	-0.280668912526498	-0.829675193769107
ENSMUSG00000039512	1.10473986709111	-0.84333792069301	-0.261401946398095
ENSMUSG00000025577	-1.15247455692043	0.63830012353107	0.514174433389363
ENSMUSG00000073234	-1.0102363728543	0.989439209325846	0.0207971635284535
ENSMUSG00000032850	0.744660439864396	0.391941081357944	-1.13660152122234
ENSMUSG00000049404	-1.15214999499601	0.64250384494412	0.509646150051891
ENSMUSG00000030510	-1.13407180646956	0.378858185828711	0.755213620640846
ENSMUSG00000058503	-0.577699762409664	1.15470046784427	-0.577000705434607
ENSMUSG00000024228	0.939410862962019	-1.05119526192666	0.111784398964646
ENSMUSG00000039109	1.12611176487104	-0.341912897549539	-0.784198867321496
ENSMUSG00000028873	-0.67979074096163	1.14823528127152	-0.468444540309891
ENSMUSG00000010086	-1.08803108602279	0.209140541128517	0.878890544894271
ENSMUSG00000035403	1.07367030739281	-0.904835226070402	-0.168835081322414
ENSMUSG00000032017	-0.996128989197011	-0.00769758154106145	1.00382657073807
ENSMUSG00000051378	-0.273519372267011	1.10829988846483	-0.834780516197821
ENSMUSG00000041911	-1.14747078039999	0.685463211695722	0.462007568704266
ENSMUSG00000091387	1.11210954334859	-0.28696506043518	-0.825144482913406
ENSMUSG00000047832	-1.15055979281126	0.659891493569279	0.490668299241979
ENSMUSG00000040728	-1.00367713502319	0.996281846840714	0.00739528818247243
ENSMUSG00000026764	1.11901069278169	-0.806206181574227	-0.312804511207465
ENSMUSG00000022221	-1.14671405961954	0.455946855194619	0.690767204424918
ENSMUSG00000005043	1.0624766982486	-0.139629552927052	-0.922847145321552
ENSMUSG00000067928	1.14478684997916	-0.441636776645801	-0.703150073333356
ENSMUSG00000063063	-0.477593411367935	1.14925175677845	-0.671658345410513
ENSMUSG00000000247	-1.15350201698388	0.531200787739563	0.622301229244317
ENSMUSG00000024672	-1.04630332355844	0.100142186314525	0.946161137243917
ENSMUSG00000070733	1.11156345194403	-0.82655842221212	-0.285005029731912
ENSMUSG00000000037	1.10272185659166	-0.848014565128893	-0.254707291462768
ENSMUSG00000020137	-0.935450558398454	-0.118533357917544	1.053983916316
ENSMUSG00000050919	1.15439304862931	-0.554120195376715	-0.600272853252592
ENSMUSG00000025270	-0.809696230050565	-0.308099296276159	1.11779552632672
ENSMUSG00000029314	0.921505895475571	0.141841578832794	-1.06334747430837
ENSMUSG00000049553	1.14808038220278	-0.467112285478791	-0.680968096723991
ENSMUSG00000042367	-0.997911359357101	1.00207563470871	-0.00416427535160762
ENSMUSG00000056222	-1.14766167581688	0.463583350880855	0.684078324936023
ENSMUSG00000026944	1.05507450790129	-0.933878658538758	-0.121195849362526
ENSMUSG00000039929	1.14213164891061	-0.423921431366263	-0.718210217544349
ENSMUSG00000032528	0.737151247196199	0.401136029599263	-1.13828727679546
ENSMUSG00000059060	-1.15461097441316	0.564850635801715	0.589760338611446
ENSMUSG00000057691	-0.589138346215371	1.15461975694794	-0.565481410732571
ENSMUSG00000037827	1.09690391001651	-0.236039792724412	-0.860864117292098
ENSMUSG00000040229	-1.09758006593829	0.23816405346779	0.8594160124705
ENSMUSG00000019359	1.15465014416818	-0.586667632188214	-0.567982511979969
ENSMUSG00000031409	-1.1164389136165	0.81350971146383	0.302929202152669
ENSMUSG00000054659	0.843701636880864	-1.1045847790308	0.260883142149942
ENSMUSG00000060735	1.15403263608114	-0.611023760530533	-0.543008875550608
ENSMUSG00000049134	0.651413717166543	0.499971727075492	-1.15138544424203
ENSMUSG00000005089	-1.1200996240645	0.803016114485758	0.317083509578737
ENSMUSG00000028236	-1.12972883612566	0.771708725742851	0.358020110382806
ENSMUSG00000075296	-1.1538806384449	0.614617954053877	0.539262684391023
ENSMUSG00000069917	-0.842465654723202	-0.262644877684304	1.10511053240751
ENSMUSG00000024827	1.01454490645947	-0.0297538938177803	-0.984791012641684
ENSMUSG00000032409	1.15354791534382	-0.621443916866581	-0.532103998477234
ENSMUSG00000071661	1.0340079255525	-0.0718964393384134	-0.962111486214084
ENSMUSG00000023013	-1.12498956980223	0.337108780727968	0.787880789074266
ENSMUSG00000031297	0.888296837322722	0.194754192541501	-1.08305102986422
ENSMUSG00000040543	1.12945945587145	-0.772674439714905	-0.356785016156549
ENSMUSG00000046634	1.12766915249767	-0.348725971402604	-0.778943181095066
ENSMUSG00000027380	-0.998549530036866	-0.00289465564292753	1.00144418567979
ENSMUSG00000036826	1.13339606495743	-0.375491285855421	-0.757904779102006
ENSMUSG00000047040	1.14477317039448	-0.703233026718297	-0.441540143676187
ENSMUSG00000067206	1.15194803735359	-0.50696829842188	-0.644979738931716
ENSMUSG00000037610	-1.15443064470785	0.555595541606663	0.598835103101189
ENSMUSG00000041479	1.15148511651397	-0.650318156378001	-0.50116696013597
ENSMUSG00000021367	-1.14036479377412	0.413096105822632	0.727268687951489
ENSMUSG00000067878	1.02946530282494	-0.0617967920353898	-0.967668510789557
ENSMUSG00000022148	1.00462447772328	-0.995310457995762	-0.00931401972752391
ENSMUSG00000049866	-0.377170533671604	1.13373435105342	-0.756563817381818
ENSMUSG00000074384	1.14566976062038	-0.448012607858399	-0.697657152761984
ENSMUSG00000039005	1.15221378399318	-0.510513089072154	-0.641700694921026
ENSMUSG00000100622	-0.0996262979219852	1.04608417161084	-0.946457873688854
ENSMUSG00000049281	1.15399924069554	-0.54215260676577	-0.61184663392977
ENSMUSG00000018698	1.00538266062677	-0.010853674899248	-0.994528985727523
ENSMUSG00000052369	-1.07982772059978	0.894144110798374	0.1856836098014
ENSMUSG00000066438	-1.0484174722781	0.105143582652735	0.94327388962536
ENSMUSG00000041012	-1.11754647646804	0.307143739366342	0.8104027371017
ENSMUSG00000028020	-1.06711969405629	0.91558297318402	0.151536720872273
ENSMUSG00000071341	-1.15002612411599	0.664901522875124	0.485124601240861
ENSMUSG00000025330	-1.15393355455547	0.613408700295494	0.540524854259976
ENSMUSG00000027596	-1.13432863882601	0.754177432200179	0.380151206625832
ENSMUSG00000045007	-1.08257967799717	0.889163279477526	0.193416398519646
ENSMUSG00000058922	1.11711347256262	-0.305489320235085	-0.811624152327535
ENSMUSG00000040829	1.14957358921275	-0.480656978722203	-0.668916610490544
ENSMUSG00000043008	-1.13809980498178	0.400092436170724	0.738007368811055
ENSMUSG00000067916	-1.07973313295182	0.185420137230897	0.894312995720921
ENSMUSG00000038560	-1.10191749684258	0.849845637752594	0.252071859089982
ENSMUSG00000075307	-1.14632008469546	0.452899086223777	0.693420998471681
ENSMUSG00000029570	-1.15304959244926	0.523069412824559	0.6299801796247
ENSMUSG00000020491	-1.14623918992872	0.693957459906016	0.452281730022708
ENSMUSG00000034324	-1.08635586883678	0.88210741776693	0.204248451069852
ENSMUSG00000039055	-1.15465999673202	0.58570967378395	0.568950322948068
ENSMUSG00000029419	0.930071241202571	-1.0576785271782	0.127607285975628
ENSMUSG00000026828	0.971138259155236	-1.02655698637637	0.0554187272211305
ENSMUSG00000036040	0.901388163387932	-1.07569370903633	0.174305545648402
ENSMUSG00000038670	0.732324116451058	-1.13932183559896	0.406997719147901
ENSMUSG00000040434	-1.00222872678169	0.997756271016619	0.00447245576506687
ENSMUSG00000029026	-1.12614833311102	0.784077444525453	0.342070888585564
ENSMUSG00000068299	1.15087417134809	-0.656778841819867	-0.494095329528222
ENSMUSG00000030785	-1.14733722847862	0.686420390767416	0.460916837711207
ENSMUSG00000072553	-1.08751430800648	0.207625524413151	0.879888783593331
ENSMUSG00000071537	-1.10822928069098	0.273275013397361	0.834954267293619
ENSMUSG00000047953	1.10039720307127	-0.853257171130183	-0.247140031941092
ENSMUSG00000036905	1.0801960489383	-0.8934850246454	-0.186711024292895
ENSMUSG00000032503	-1.13447406722643	0.753587357178906	0.380886710047527
ENSMUSG00000024261	1.15128430628542	-0.652507844941281	-0.498776461344142
ENSMUSG00000058740	1.1126612575513	-0.28895693063339	-0.82370432691791
ENSMUSG00000046761	-1.06417296989038	0.920225529123962	0.143947440766422
ENSMUSG00000010064	-1.15458474647532	0.563130897152969	0.591453849322345
ENSMUSG00000020656	-1.15469984749943	0.578443833525394	0.576256013974035
ENSMUSG00000036655	-1.15069299542383	0.658588450547584	0.49210454487625
ENSMUSG00000020140	-0.956539445170395	1.03842525221499	-0.0818858070445958
ENSMUSG00000030017	-0.916765222445831	1.06637615163711	-0.149610929191277
ENSMUSG00000068101	-0.569979726268961	1.15466930622358	-0.584689579954622
ENSMUSG00000047875	-1.14098898122358	0.724143794368051	0.416845186855528
ENSMUSG00000015619	-1.15354341328103	0.621528775992377	0.53201463728865
ENSMUSG00000028909	1.08128830278778	-0.891516927041617	-0.189771375746164
ENSMUSG00000047746	0.715450634115692	-1.14264428905916	0.427193654943459
ENSMUSG00000004815	1.09389647916211	-0.867171395610641	-0.226725083551474
ENSMUSG00000025488	-1.14019177298136	0.728121329439653	0.412070443541707
ENSMUSG00000028893	-0.303485023806084	-0.81310080710998	1.11658583091607
ENSMUSG00000037600	-0.930572987438173	1.05733838020185	-0.126765392763675
ENSMUSG00000050677	1.12452127171878	-0.335128665214599	-0.789392606504179
ENSMUSG00000036061	1.14312297555539	-0.4303085335854	-0.712814441969986
ENSMUSG00000011008	0.674227722830975	0.47471292634445	-1.14894064917543
ENSMUSG00000052504	1.15186056435945	-0.646022579938737	-0.505837984420721
ENSMUSG00000026579	-1.15453018898397	0.594441591325802	0.560088597658168
ENSMUSG00000028337	0.888248781160789	0.194828328386181	-1.08307710954697
ENSMUSG00000073877	-0.980712246175645	-0.0375194471470963	1.01823169332274
ENSMUSG00000028644	-0.984299087548216	1.01499414754163	-0.0306950599934075
ENSMUSG00000033765	-0.964315925859426	-0.0679066663188925	1.03222259217832
ENSMUSG00000028860	-1.14555637532866	0.447177856423111	0.698378518905546
ENSMUSG00000024526	-1.02751643747461	0.970001002833242	0.0575154346413709
ENSMUSG00000028545	-0.968561297178794	1.02872234446279	-0.060161047283999
ENSMUSG00000034171	1.04623245026508	-0.0999752970609876	-0.946257153204086
ENSMUSG00000028031	-1.14151045160017	0.721471570851597	0.42003888074857
ENSMUSG00000040260	0.90682217779352	0.165664959255942	-1.07248713704946
ENSMUSG00000029547	1.07013306669036	-0.910714526394416	-0.159418540295939
ENSMUSG00000030507	0.835855704491537	0.272006152534193	-1.10786185702573
ENSMUSG00000090451	-1.10782288368346	0.835951055709092	0.271871827974366
ENSMUSG00000022871	1.14707535330877	-0.458804942120287	-0.688270411188481
ENSMUSG00000025328	-1.03205502458375	0.964521458375407	0.0675335662083422
ENSMUSG00000044393	-0.865679323730687	1.09461717836835	-0.22893785463766
ENSMUSG00000016763	-0.891574042027714	1.08125676512979	-0.189682723102079
ENSMUSG00000033458	-1.10116344517629	0.851545674342533	0.249617770833752
ENSMUSG00000027684	1.10125948933858	-0.851330015464482	-0.249929473874098
ENSMUSG00000028497	-1.15312358904432	0.628806328132445	0.524317260911876
ENSMUSG00000042655	-1.00879807494605	0.0178347221057132	0.990963352840334
ENSMUSG00000054662	-1.12940346238915	0.356529052013184	0.772874410375961
ENSMUSG00000001027	1.10589699183991	-0.840600860032579	-0.265296131807328
ENSMUSG00000037995	-1.12789440523606	0.77816825195234	0.349726153283723
ENSMUSG00000005410	-0.777144649149835	1.12819022979581	-0.351045580645969
ENSMUSG00000036067	0.347956480012066	0.779538784494953	-1.12749526450702
ENSMUSG00000034226	-1.15372946671678	0.535861828314178	0.617867638402601
ENSMUSG00000046410	0.753815930485519	-1.13441780492122	0.380601874435699
ENSMUSG00000009216	0.747424883002386	-1.13595717464249	0.388532291640107
ENSMUSG00000021416	-0.954373544345175	1.04010626321062	-0.0857327188654487
ENSMUSG00000103034	1.1310028615256	-0.363946486850034	-0.767056374675567
ENSMUSG00000030068	1.01014769509506	-0.989533572984644	-0.0206141221104156
ENSMUSG00000098934	-0.963580493560811	-0.0692401283549661	1.03282062191578
ENSMUSG00000043795	-0.902519425678207	-0.172514296482469	1.07503372216068
ENSMUSG00000026343	-0.874545961505973	-0.215702532501682	1.09024849400765
ENSMUSG00000040703	-1.14987046260729	0.483565436417886	0.666305026189408
ENSMUSG00000027068	-1.06202822953865	0.138494013695183	0.923534215843465
ENSMUSG00000029337	-1.07237157608543	0.907015131680779	0.165356444404653
ENSMUSG00000003283	0.929707623606307	-1.05792446607314	0.128216842466834
ENSMUSG00000055415	-1.1399310502536	0.410535601646945	0.729395448606656
ENSMUSG00000079598	-1.07066094077874	0.909848644071347	0.160812296707397
ENSMUSG00000010122	1.13605409711046	-0.747012568441332	-0.389041528669131
ENSMUSG00000099032	0.987706205093098	0.0241501207208737	-1.01185632581397
ENSMUSG00000006345	-1.1510066370367	0.655426976612191	0.49557966042451
ENSMUSG00000102422	-1.13831166740983	0.737039456726918	0.401272210682911
ENSMUSG00000032338	1.13122365559155	-0.364988347683005	-0.76623530790855
ENSMUSG00000027220	-0.897824542652125	1.07774716059242	-0.179922617940292
ENSMUSG00000028825	-1.12929587780924	0.356037979237534	0.7732578985717
ENSMUSG00000043719	0.694722853086311	0.451400188739973	-1.14612304182628
ENSMUSG00000001985	1.09426180678279	-0.86641654926723	-0.227845257515559
ENSMUSG00000054065	-1.12176839739537	0.32376240097809	0.798005996417278
ENSMUSG00000051920	-1.00883831636284	0.990920893613719	0.0179174227491228
ENSMUSG00000025481	-1.03974569368572	0.954840281654361	0.0849054120313641
ENSMUSG00000050711	-0.339885616787083	1.12564062968746	-0.78575501290038
ENSMUSG00000079355	-1.00941310390008	0.0190998291216698	0.990313274778408
ENSMUSG00000025150	-1.00219223348223	0.997793253194431	0.00439898028780059
ENSMUSG00000030811	1.13548457632751	-0.386066525631298	-0.749418050696213
ENSMUSG00000049699	0.842078662906575	0.263195748112289	-1.10527441101886
ENSMUSG00000036768	-1.05446062578566	0.934765086256751	0.119695539528912
ENSMUSG00000066687	1.0988858932831	-0.242299095722242	-0.856586797560865
ENSMUSG00000098754	1.1448221632926	-0.441886521407493	-0.70293564188511
ENSMUSG00000030393	1.04965912568675	-0.941557039615538	-0.10810208607121
ENSMUSG00000027849	-1.04340993281398	0.950041030822357	0.0933689019916206
ENSMUSG00000042401	-1.0200757685987	0.0414399012282126	0.978635867370482
ENSMUSG00000051341	1.13889975862201	-0.734314990411119	-0.404584768210884
ENSMUSG00000035164	1.0549940719924	-0.933995044657589	-0.120999027334806
ENSMUSG00000050777	-1.14358211559802	0.71022862012683	0.433353495471189
ENSMUSG00000056643	-0.573338121514922	1.15469126601105	-0.581353144496129
ENSMUSG00000103897	1.02650460103177	-0.971200144757407	-0.0553044562743606
ENSMUSG00000079465	-1.134251177032	0.379760435536205	0.754490741495796
ENSMUSG00000063849	1.11511750841564	-0.29797310973056	-0.817144398685078
ENSMUSG00000005628	-1.14970904149405	0.481973737319465	0.667735304174589
ENSMUSG00000026090	-1.03455885582884	0.073133077744122	0.961425778084716
ENSMUSG00000033902	1.10383519508996	-0.845449361687352	-0.258385833402611
ENSMUSG00000000296	-0.537003033684858	1.15378158911331	-0.616778555428457
ENSMUSG00000068252	-0.916148251851548	1.06676475791547	-0.150616506063921
ENSMUSG00000039473	1.06487749836047	-0.919125877378413	-0.145751620982061
ENSMUSG00000104346	1.06892022294249	-0.912689099966884	-0.156231122975603
ENSMUSG00000022286	-1.14807722409618	0.680991945954537	0.467085278141645
ENSMUSG00000038020	-1.0885182038246	0.877944717360218	0.210573486464378
ENSMUSG00000040055	-1.14727397889281	0.460403544667076	0.686870434225735
ENSMUSG00000040054	0.721862919876318	-1.1414347870808	0.419571867204478
ENSMUSG00000038637	1.15454782356124	-0.593537132018255	-0.561010691542986
ENSMUSG00000091694	-1.12987377991985	0.358687208536582	0.771186571383264
ENSMUSG00000062345	-1.0487376781141	0.105905027147486	0.942832650966614
ENSMUSG00000076498	-1.03086278603582	0.965977103545546	0.064885682490275
ENSMUSG00000019936	-0.85964140256302	1.09747517348222	-0.237833770919202
ENSMUSG00000035020	-1.11283597808056	0.823245769485115	0.289590208595442
ENSMUSG00000058447	-0.86237543137777	1.0961925739546	-0.233817142576827
ENSMUSG00000052572	0.747864537741082	-1.13585350816761	0.38798897042654
ENSMUSG00000038763	-1.04548673873756	0.0982223341503596	0.947264404587204
ENSMUSG00000052496	1.11352745368097	-0.821419082773594	-0.292108370907375
ENSMUSG00000055301	0.989367460878025	-1.01030376546173	0.020936304583701
ENSMUSG00000025001	-0.794370609447961	1.12294800777089	-0.328577398322929
ENSMUSG00000039179	0.425559458052104	0.716830060480708	-1.14238951853281
ENSMUSG00000071047	1.15284533848612	-0.519759461179035	-0.633085877307095
ENSMUSG00000035864	1.13615872056364	-0.389592606528483	-0.746566114035151
ENSMUSG00000040323	1.11561520069834	-0.299830773912962	-0.815784426785378
ENSMUSG00000019464	1.09609353903912	-0.862584867780373	-0.233508671258744
ENSMUSG00000031870	1.1163923077901	-0.813639222562643	-0.302753085227461
ENSMUSG00000071036	1.14913606704388	-0.47651333162455	-0.672622735419334
ENSMUSG00000051839	-1.15231162927458	0.511864043943634	0.640447585330944
ENSMUSG00000027016	-1.1528081073779	0.519175558401778	0.633632548976123
ENSMUSG00000018927	1.15346085309484	-0.623055854589571	-0.530404998505269
ENSMUSG00000025359	0.680807324146546	-1.14810165052026	0.467294326373717
ENSMUSG00000032845	-1.12130410776031	0.321888942324165	0.799415165436143
ENSMUSG00000049882	-0.911801045073203	1.06946725945489	-0.157666214381692
ENSMUSG00000038193	-1.08029707701264	0.893303842938313	0.186993234074331
ENSMUSG00000003309	-1.07183428773708	0.907909677023922	0.16392461071316
ENSMUSG00000004552	-1.14020300870502	0.412136874751381	0.728066133953635
ENSMUSG00000025927	-0.98194548871708	1.01712604225862	-0.0351805535415404
ENSMUSG00000051648	1.14773011492418	-0.683576895802786	-0.464153219121395
ENSMUSG00000009646	-1.04304517456516	0.0925207541137078	0.950524420451451
ENSMUSG00000043670	1.09793025206282	-0.239268708222039	-0.858661543840783
ENSMUSG00000054889	-0.5549235461014	1.15441382047786	-0.599490274376458
ENSMUSG00000022997	0.901098810043292	0.17476307758519	-1.07586188762848
ENSMUSG00000013483	1.01330814995338	-0.986138115303935	-0.0271700346494566
ENSMUSG00000081683	-0.957186735014439	1.03791900229817	-0.0807322672837322
ENSMUSG00000036923	1.15059004572418	-0.490992531734486	-0.659597513989696
ENSMUSG00000028373	0.968136782381399	0.0609392949478962	-1.02907607732929
ENSMUSG00000047343	-0.831636195704466	1.10956583910668	-0.277929643402217
ENSMUSG00000035295	-1.05821372995672	0.929279048292382	0.128934681664341
ENSMUSG00000038473	1.14071107429367	-0.725544724069904	-0.41516635022376
ENSMUSG00000025885	0.982071974455185	-1.01701220127369	0.0349402268185117
ENSMUSG00000028871	-1.05038659608806	0.940543751358938	0.109842844729127
ENSMUSG00000042763	1.14756412529633	-0.462775604504262	-0.684788520792067
ENSMUSG00000028786	-1.15176323998873	0.504599930494172	0.647163309494555
ENSMUSG00000036151	-1.10021607813345	0.853659412086988	0.246556666046463
ENSMUSG00000024873	-1.14756371876451	0.684791469468642	0.462772249295866
ENSMUSG00000091478	1.15030743814476	-0.488006726515964	-0.662300711628796
ENSMUSG00000018907	-1.11788863609547	0.308457296494804	0.809431339600666
ENSMUSG00000019808	-1.1544475954351	0.598153729527785	0.556293865907317
ENSMUSG00000064294	-1.13317698283978	0.374410334046038	0.758766648793737
ENSMUSG00000005583	-0.955897550534331	-0.0830279663735635	1.03892551690789
ENSMUSG00000022123	-1.15434952425432	0.552519501220665	0.601830023033657
ENSMUSG00000040429	-1.13530591778943	0.750164204505041	0.385141713284384
ENSMUSG00000085584	1.14575371543281	-0.69711983610524	-0.448633879327575
ENSMUSG00000102440	0.977274310820628	0.0439989220924684	-1.0212732329131
ENSMUSG00000010342	-0.371451624278137	1.13257203413916	-0.761120409861026
ENSMUSG00000037279	-1.1184115170841	0.807936051912649	0.310475465171457
ENSMUSG00000061322	1.01556897426006	-0.0319013671412245	-0.983667607118833
ENSMUSG00000043463	1.00448466429345	-0.00903049185955954	-0.99545417243389
ENSMUSG00000031554	-1.06459695394611	0.919564527946417	0.145032425999688
ENSMUSG00000033276	0.970619233490455	0.056376387951037	-1.02699562144149
ENSMUSG00000016756	-1.09948439820887	0.244208987208467	0.855275411000399
ENSMUSG00000024989	-1.08159125013814	0.190623844769087	0.890967405369055
ENSMUSG00000029735	-0.965004997140199	1.03166005029896	-0.0666550531587578
ENSMUSG00000090559	-0.0444471584520513	-0.977035314944626	1.02148247339668
ENSMUSG00000026725	-0.627829369871478	1.15318383827398	-0.525354468402502
ENSMUSG00000024234	-0.962097698971208	-0.0719213244168664	1.03401902338808
ENSMUSG00000008601	-1.08128942579551	0.891514892946038	0.189774532849471
ENSMUSG00000035498	-0.271186196289418	1.10762372276852	-0.836437526479102
ENSMUSG00000030707	-0.4258765151017	1.14243914265727	-0.716562627555575
ENSMUSG00000067786	-1.02415368419562	0.0501981530880118	0.973955531107606
ENSMUSG00000021118	-1.13002935296724	0.770624126836316	0.359405226130917
ENSMUSG00000030827	-1.08681455484495	0.881232073038302	0.205582481806651
ENSMUSG00000058064	0.295767954503728	0.818755039039383	-1.11452299354311
ENSMUSG00000058260	-1.15462318165645	0.588886619387504	0.565736562268948
ENSMUSG00000039813	-1.11230397061892	0.824638312166237	0.287665658452679
ENSMUSG00000028555	1.15234050358911	-0.512267803946293	-0.640072699642817
ENSMUSG00000051067	1.11673464484754	-0.812685626420805	-0.304049018426732
ENSMUSG00000020090	-1.13456770642543	0.753206120981803	0.38136158544363
ENSMUSG00000032278	-1.13714025180804	0.394834591863138	0.742305659944896
ENSMUSG00000026018	-1.14499671860294	0.443127242774743	0.701869475828199
ENSMUSG00000017737	0.35066397172402	0.777440853906764	-1.12810482563078
ENSMUSG00000021364	1.0494491204053	-0.941848531895003	-0.107600588510299
ENSMUSG00000020930	1.01853310348983	-0.0381585621909984	-0.980374541298831
ENSMUSG00000001151	0.993147280470282	0.0135673789652982	-1.00671465943558
ENSMUSG00000006411	-1.13614995618147	0.389546387098616	0.746603569082854
ENSMUSG00000004892	1.12426316512073	-0.334043328446879	-0.790219836673849
ENSMUSG00000085328	1.15398289794523	-0.541740868304394	-0.612242029640836
ENSMUSG00000061894	1.14349597865916	-0.432777812339182	-0.710718166319978
ENSMUSG00000048899	0.824661524418713	-1.1122950667332	0.28763354231449
ENSMUSG00000030921	1.06303754935814	-0.921984364060497	-0.141053185297642
ENSMUSG00000044576	1.10690688504031	-0.268729258637296	-0.838177626403018
ENSMUSG00000027983	1.14119379790517	-0.723101117638766	-0.418092680266403
ENSMUSG00000058173	-0.770648798494441	1.13002254080144	-0.359373742307
ENSMUSG00000050640	-0.968204532547369	-0.0608151470708039	1.02901967961817
ENSMUSG00000044139	1.12595050643772	-0.784733213142478	-0.341217293295242
ENSMUSG00000066704	-1.14971140130094	0.48199682768202	0.667714573618922
ENSMUSG00000046908	1.15379759156911	-0.616437868446671	-0.537359723122449
ENSMUSG00000021732	-0.408656900730814	1.13960897144655	-0.730952070715736
ENSMUSG00000022791	1.15417833091357	-0.547017827987928	-0.607160502925648
ENSMUSG00000042190	1.14693449434843	-0.689251310219521	-0.457683184128912
ENSMUSG00000058498	1.11645634281477	-0.813461253004377	-0.302995089810395
ENSMUSG00000045349	-1.15236998030394	0.512682459724192	0.639687520579744
ENSMUSG00000001865	-0.999443904232427	-0.00111126535192061	1.00055516958435
ENSMUSG00000096795	1.05602084077535	-0.932503915868254	-0.123516924907092
ENSMUSG00000019232	1.14771381339039	-0.683696571273428	-0.464017242116968
ENSMUSG00000022546	0.720131524954235	0.421636188444918	-1.14176771339915
ENSMUSG00000038663	1.15224790442877	-0.510981223881696	-0.641266680547074
ENSMUSG00000044641	-1.12918570017781	0.773649638750397	0.355536061427416
ENSMUSG00000074004	1.12940069737786	-0.356516419021442	-0.772884278356422
ENSMUSG00000081406	1.15366718932984	-0.61913031082406	-0.534536878505775
ENSMUSG00000017453	1.13910235803595	-0.733363154885751	-0.405739203150197
ENSMUSG00000043165	-1.10006218031052	0.85400049583262	0.2460616844779
ENSMUSG00000094005	-1.13470988741	0.752625296326464	0.38208459108354
ENSMUSG00000095680	-1.13470988741	0.752625296326464	0.38208459108354
ENSMUSG00000096363	-1.13470988741	0.752625296326464	0.38208459108354
ENSMUSG00000094651	-0.582570162838663	1.1546847594524	-0.572114596613733
ENSMUSG00000074652	0.927672561045269	0.131619607526837	-1.05929216857211
ENSMUSG00000011305	1.1465017449448	-0.454295790071973	-0.69220595487283
ENSMUSG00000070691	-1.15056963398909	0.659795987893233	0.49077364609585
ENSMUSG00000033182	0.723271525942409	0.417888915804722	-1.14116044174713
ENSMUSG00000049985	0.963221939202519	-1.03311130675365	0.0698893675511375
ENSMUSG00000026959	-0.877856209493679	1.08856366149388	-0.210707452000205
ENSMUSG00000033187	-1.15339017882496	0.529068190052971	0.624321988771985
ENSMUSG00000026692	1.12937938823135	-0.772960306729726	-0.356419081501622
ENSMUSG00000022438	-1.14530421958307	0.699965437663791	0.445338781919279
ENSMUSG00000091144	-1.14396580440701	0.435943647719511	0.708022156687502
ENSMUSG00000003178	-1.1542374879251	0.605435984316585	0.548801503608515
ENSMUSG00000025010	0.927695953192165	0.131580578163564	-1.05927653135573
ENSMUSG00000028238	-0.947442466602753	1.04535448929535	-0.0979120226925904
ENSMUSG00000030518	-0.14482582485751	1.06451628927048	-0.919690464412974
ENSMUSG00000033715	0.531951667599527	-1.15354023569044	0.621588568090917
ENSMUSG00000050578	-1.11919219382954	0.805678654104955	0.313513539724591
ENSMUSG00000049892	-0.164260285856374	1.07196039042913	-0.907700104572762
ENSMUSG00000047562	-0.579110119938366	1.15469874846187	-0.575588628523502
ENSMUSG00000073125	-0.577344320342243	1.15470053835882	-0.577356218016578
ENSMUSG00000024924	0.582448020909251	-1.15468549031587	0.572237469406622
ENSMUSG00000009185	-0.952665398898913	1.04141807203096	-0.0887526731320516
ENSMUSG00000043613	-0.896652801427991	1.07841394643165	-0.181761145003664
ENSMUSG00000094065	0.260676351310045	-1.10452290141332	0.843846550103272
ENSMUSG00000032373	0.935449849551358	-1.0539844101836	0.118534560632239
ENSMUSG00000059436	-0.0112043088897492	-0.994350768245353	1.0055550771351
ENSMUSG00000031613	-1.12776867894938	0.778601257964094	0.349167420985279
ENSMUSG00000038332	0.544884816359891	-1.15410300198877	0.609218185628883
ENSMUSG00000025510	-0.164555846630387	1.07207135126105	-0.907515504630666
ENSMUSG00000037816	0.904897468509375	-1.07363343192036	0.168735963410985
ENSMUSG00000042595	-0.0962973782711688	-0.948367799038883	1.04466517731005
ENSMUSG00000037490	0.977925549009946	-1.02070163470347	0.0427760856935239
ENSMUSG00000024987	-0.740442499550365	1.13755994855474	-0.397117449004376
ENSMUSG00000051159	-0.681577669912753	1.14799940841737	-0.466421738504616
ENSMUSG00000026697	-1.07144694584834	0.908551961205572	0.162894984642774
ENSMUSG00000032500	0.275854819457761	-1.10897225366578	0.833117434208021
ENSMUSG00000004945	-0.522627492834145	1.1530229915191	-0.63039549868495
ENSMUSG00000004371	-0.332399389966635	1.1238702981462	-0.791470908179564
ENSMUSG00000086605	-0.206545552605906	1.08714482134948	-0.880599268743576
ENSMUSG00000061578	0.973391558145097	-1.02463783533781	0.0512462771927114
ENSMUSG00000036523	0.759247018477311	-1.13305431143617	0.373807292958856
ENSMUSG00000023008	0.566305495295827	-1.1546305525852	0.588325057289373
ENSMUSG00000029298	0.380210611834949	-1.13434040269479	0.754129790859845
ENSMUSG00000001020	-1.04762380548962	0.944363054958887	0.103260750530732
ENSMUSG00000041193	-0.910587415058035	1.07021070977684	-0.159623294718801
ENSMUSG00000034926	1.15071187995511	-0.4923100069186	-0.658401873036509
ENSMUSG00000025185	-0.906129009304168	1.07290130887807	-0.166772299573908
ENSMUSG00000024803	0.0690455279880692	0.963687903299516	-1.03273343128759
ENSMUSG00000059237	-0.383563644800862	1.13499929350151	-0.751435648700642
ENSMUSG00000052276	-0.453374683838044	1.1463821538219	-0.693007469983854
ENSMUSG00000079884	-0.460271952376171	-0.686985770033144	1.14725772240931
ENSMUSG00000046808	-0.327186146279187	1.12260919357878	-0.795423047299591
ENSMUSG00000017491	-0.639236465011064	1.15240425325163	-0.513167788240565
ENSMUSG00000020220	-0.39791930506686	1.13770624772903	-0.73978694266217
ENSMUSG00000050069	-1.004371658024	0.995570242444969	0.00880141557903028
ENSMUSG00000046844	-0.882321575579422	1.08624332355571	-0.203921747976281
ENSMUSG00000030579	0.36981445584258	-1.13223396732401	0.762419511481432
ENSMUSG00000073791	0.599127927522268	-1.15442318892464	0.555295261402378
ENSMUSG00000042873	0.279789903950277	-1.11009503816129	0.830305134211014
ENSMUSG00000021750	0.528634949588742	-1.15336686462318	0.62473191503444
ENSMUSG00000043531	-0.947929723404982	1.04499194478526	-0.0970622213802781
ENSMUSG00000022129	0.994281518239329	-1.00562202412927	0.0113405058899435
ENSMUSG00000093909	1.1506426836482	-0.659083271870846	-0.491559411777351
ENSMUSG00000015377	-1.13161553593358	0.764766831910386	0.366848704023198
ENSMUSG00000050243	0.562853653889733	0.591726552036871	-1.15458020592661
ENSMUSG00000023945	-0.621396271430038	1.1535504391405	-0.53215416771046
ENSMUSG00000029306	-0.61799072558293	1.15372348314742	-0.535732757564495
ENSMUSG00000071281	0.809529733345043	-1.11785406734992	0.308324334004875
ENSMUSG00000005237	-0.284791749526608	-0.826712088546863	1.11150383807347
ENSMUSG00000015709	1.11903406099155	-0.806138355112208	-0.312895705879346
ENSMUSG00000041577	-0.65755732705509	-0.493239445291918	1.15079677234701
ENSMUSG00000030862	-0.947913132932419	-0.0970911717402219	1.04500430467264
ENSMUSG00000006369	-0.686987816800646	-0.460269616945044	1.14725743374569
ENSMUSG00000021702	-0.575748541642674	-0.578950516893722	1.15469905853639
ENSMUSG00000023885	-0.242483016183352	-0.85646063987925	1.09894365606261
ENSMUSG00000028989	-0.491892097712196	-0.658781326189122	1.15067342390132
ENSMUSG00000041559	-0.82110437063453	-0.292541485109128	1.11364585574366
ENSMUSG00000037405	-1.03322058381114	0.0701336196239022	0.963086964187247
ENSMUSG00000039084	-1.08366621463921	0.196506231103554	0.887159983535661
ENSMUSG00000027966	-0.95858895808198	-0.0782271860828692	1.03681614416485
ENSMUSG00000017897	-0.744327766282748	-0.392350428206298	1.13667819448904
ENSMUSG00000024529	-0.45835989504928	-0.688659719823533	1.14701961487282
ENSMUSG00000031849	-0.859879499957408	-0.237484728269401	1.0973642282268
ENSMUSG00000047420	-0.84385199922761	-0.260668574456099	1.10452057368371
ENSMUSG00000009772	-0.578037393913686	-0.576662871766963	1.15470026568065
ENSMUSG00000022150	-0.828458978665789	-0.282363498358649	1.11082247702444
ENSMUSG00000024164	-0.689240325087214	-0.4576957544774	1.14693607956461
ENSMUSG00000028364	0.324866888887062	-1.12204072264573	0.797173833758664
ENSMUSG00000022332	0.367640100500106	0.764141218673	-1.13178131917311
ENSMUSG00000094483	0.482460928300402	0.667297790499944	-1.14975871880034
ENSMUSG00000044006	-1.09404457161727	0.227178798324372	0.866865773292893
ENSMUSG00000029816	-0.303171003591213	-0.81333185577245	1.11650285936366
ENSMUSG00000032925	-0.797632898477146	-0.32425776510613	1.12189066358328
ENSMUSG00000020402	0.00303361162256999	-1.00151335475553	0.998479743132954
ENSMUSG00000026683	0.139868671636385	0.922702337905383	-1.06257100954177
ENSMUSG00000000753	-0.968022227842073	-0.0611491604962638	1.02917138833834
ENSMUSG00000024735	0.431362875092952	0.71192006767743	-1.14328294277038
ENSMUSG00000055407	-0.663400719680429	-0.486788866628659	1.15018958630909
ENSMUSG00000021062	-0.637579594129081	-0.514948288824934	1.15252788295402
ENSMUSG00000061013	-0.80018783147371	-0.320860018832511	1.12104785030622
ENSMUSG00000022790	1.1123102027975	-0.287688139624246	-0.824622063173257
ENSMUSG00000026435	-0.144899940670492	-0.919645289907065	1.06454523057756
ENSMUSG00000039321	-1.06335762894548	0.141867430951709	0.921490197993774
ENSMUSG00000026390	0.576495085576952	0.578205030771795	-1.15470011634875
ENSMUSG00000039396	0.421005195684053	0.720661173416968	-1.14166636910102
ENSMUSG00000025229	0.324940052053714	0.797118673327455	-1.12205872538117
ENSMUSG00000039982	0.105486594335054	0.943075177159845	-1.0485617714949
ENSMUSG00000028128	-1.06957851543962	0.157958593518379	0.911619921921236
ENSMUSG00000006014	-1.04607799215973	0.0996117582463721	0.94646623391336
ENSMUSG00000040084	0.262487996063564	0.842575820488	-1.10506381655156
ENSMUSG00000087679	0.669807615341365	0.479662530219018	-1.14947014556038
ENSMUSG00000028312	0.211549623188543	0.877299482493712	-1.08884910568226
ENSMUSG00000031004	0.649221534336464	0.50236175324303	-1.15158328757949
ENSMUSG00000038014	0.922266866297861	0.140587324758626	-1.06285419105649
ENSMUSG00000021144	0.513031503885011	0.639363150039293	-1.1523946539243
ENSMUSG00000054162	-0.75334955600191	-0.381182949315852	1.13453250531776
ENSMUSG00000028780	-1.02748070921502	0.0574372271327392	0.970043482082274
ENSMUSG00000028068	0.579784237162718	0.574912876058029	-1.15469711322075
ENSMUSG00000063954	-0.644860234750589	-0.507097735218012	1.1519579699686
ENSMUSG00000026442	-0.467476761768964	-0.680646170551348	1.14812293232031
ENSMUSG00000023015	0.791086508397737	0.332904823685415	-1.12399133208315
ENSMUSG00000079022	-0.604506002371667	-0.549761887077552	1.15426788944922
ENSMUSG00000051537	-0.497364012049578	-0.653798896619946	1.15116290866953
ENSMUSG00000030669	0.746301473380123	0.389919104886051	-1.13622057826617
ENSMUSG00000035000	-0.877365589817357	-0.211449665712489	1.08881525552984
ENSMUSG00000021319	-0.36834127406511	-0.763586467591338	1.13192774165645
ENSMUSG00000090667	-0.99064322475544	-0.0184580105488915	1.00910123530433
ENSMUSG00000036565	0.435686005575696	0.708241916865378	-1.14392792244107
ENSMUSG00000041482	-0.646723481839714	-0.505077486499895	1.15180096833961
ENSMUSG00000020123	-0.794728545928923	-0.328104474614841	1.12283302054376
ENSMUSG00000038943	0.612293658232767	0.54168709156971	-1.15398074980248
ENSMUSG00000027318	-0.886777862838251	-0.197094297467484	1.08387216030574
ENSMUSG00000001138	0.877697502633045	0.210947617097296	-1.08864511973034
ENSMUSG00000024247	-0.175512883153224	1.07613714802804	-0.90062426487482
ENSMUSG00000021485	0.432708032279291	0.710777484296369	-1.14348551657566
ENSMUSG00000025969	-0.568132716497166	-0.586519026612752	1.15465174310992
ENSMUSG00000007415	0.173688850754393	0.901777917756274	-1.07546676851067
ENSMUSG00000033031	0.320345290477653	0.800574028526735	-1.12091931900439
ENSMUSG00000028736	-0.120599761730153	1.05483081205976	-0.934231050329611
ENSMUSG00000028175	0.147041175996395	0.918338358334999	-1.06537953433139
ENSMUSG00000009630	0.372090377617435	0.760612913762313	-1.13270329137975
ENSMUSG00000026873	-1.06501092165041	0.146094018740453	0.918916902909952
ENSMUSG00000020808	0.421331600874625	0.72038723864173	-1.14171883951635
ENSMUSG00000036596	-1.12855630046479	0.352687726273951	0.775868574190843
ENSMUSG00000031952	-0.651510083390887	-0.499866517149769	1.15137660054066
ENSMUSG00000032487	-0.514837178006223	-0.637683086845473	1.15252026485169
ENSMUSG00000024587	-0.547351064381485	-0.606838584243706	1.15418964862519
ENSMUSG00000021091	-0.882191361216449	-0.204120408501701	1.08631176971814
ENSMUSG00000030562	0.173639921235483	-1.07544875006047	0.901808828824991
ENSMUSG00000058297	-0.982565786563801	-0.0340011787264737	1.01656696529027
ENSMUSG00000034825	-0.119846794970306	-0.934675797819925	1.05452259279023
ENSMUSG00000021051	0.665661943152734	0.484280179417546	-1.14994212257028
ENSMUSG00000070802	0.0394579100515966	0.979687026936052	-1.01914493698765
ENSMUSG00000064360	0.164561492370793	0.907511977783375	-1.07207347015417
ENSMUSG00000021951	0.921674726476498	0.141563478337238	-1.06323820481374
ENSMUSG00000037944	0.346576697067249	0.780605484546068	-1.12718218161332
ENSMUSG00000044201	-0.152237969627819	1.06738973514033	-0.915151765512509
ENSMUSG00000034413	0.449139906227145	0.696681917156282	-1.14582182338343
ENSMUSG00000030019	0.63357763473146	0.519234229909923	-1.15281186464138
ENSMUSG00000044405	-0.671199855518724	-0.47810644770032	1.14930630321904
ENSMUSG00000052139	0.498199156597289	0.653035777551194	-1.15123493414848
ENSMUSG00000078773	0.499671593368686	0.651688592384138	-1.15136018575283
ENSMUSG00000015354	-1.1546869176824	0.572486340370142	0.582200577312259
ENSMUSG00000019933	0.219718281030634	0.871870408665976	-1.09158868969661
ENSMUSG00000028444	-0.35368881408634	-0.775089501950858	1.1287783160372
ENSMUSG00000042918	0.0985041221648427	0.947102646558087	-1.04560676872293
ENSMUSG00000005233	0.657696687488143	0.493086142970254	-1.1507828304584
ENSMUSG00000002778	-0.216086951375206	1.09037734056452	-0.874290389189316
ENSMUSG00000037161	-0.399042350840484	1.13791016815022	-0.738867817309733
ENSMUSG00000038600	-0.913536656270473	-0.154859077429313	1.06839573369979
ENSMUSG00000005470	0.296681551229092	0.818088240335527	-1.11476979156462
ENSMUSG00000027699	-0.246696695517912	1.10025957981405	-0.853562884296139
ENSMUSG00000020473	-0.613183477353098	-0.540759733456398	1.1539432108095
ENSMUSG00000020181	-0.328269637895693	-0.79460356227347	1.12287320016917
ENSMUSG00000029196	0.814910801959684	0.301022043006252	-1.11593284496594
ENSMUSG00000032113	0.605244746231222	0.548999079097534	-1.15424382532876
ENSMUSG00000026605	0.161015124463128	0.909722510665938	-1.07073763512907
ENSMUSG00000017639	-0.852109056830042	-0.248802950206324	1.10091200703637
